ax,ay
15.65778169815457,12
10.309973994578748,17
536.3239949027501,109
64.362431337324,17
5.4597151984474745,193
9.840641813552855,6
6.759895096615291,61
8.3320550256772,7
47.54606914511378,853
10.369175543210622,10
5.07928706370582,37
15.27922169303663,303
8.212511976645304,217
30.00693233776548,10
127.04969899375132,23
45.359985565160365,52
7.141935727274028,37
5.758952645862598,32
5.639261556588111,55
65.93620711360458,615
24.447132813084604,265
20.832448231615484,9
20.34099908444382,8
8.575713720949064,30
13.855922678341818,11
27.125585711614494,8
127.70201320465128,164
8.81172259131794,58
5.57119448429912,33
47.628591646811444,22
8.707039068831286,22
12.754720320087186,73
57.87574780094933,29
8.929295913463783,12
163.90685362020298,88
6.975896894765614,10
5.146048956828178,18
51.64215494293274,2208
11.522898277850915,8
19.419390238439295,129
5.386683678106625,15
7.5124316053383255,12
17.337977945062235,55
6.579436981025401,17
13.028529112477136,10
22.76676611591489,111
5.876173677981082,8
16.53242557180354,11
239.67287611824813,94
135.65949730624524,37
9.655399793438667,71
6.834805869450826,7
27.006611872352217,9
11.495182582430935,22
8.881846281032383,30
444.25025543338757,11
80.5886512706431,121
7.665316464984838,95
8.371812891001703,15
10.034074059716588,27
9.186401338291866,8
15.512692087578845,12
31.245162573815065,10
24.75563133887812,9
34.64750793065558,12
9.943083924971637,12
33.87356830381278,93
67.09661214174336,38
25.167924484861825,54
8.120761436657684,36
7.543055891546133,69
19.3595590783277,71
172.12068648448368,192
5.420489224469746,46
14.692842845521833,34
12.686074295798814,87
101.03138730143664,94
21.603365584254888,159
6.784750493759093,10
34.36399640523062,11
6.826922590956757,6
9.459728185819072,101
9.633376591102842,42
13.091093865667691,82
59.59550593592509,19
6.055709414936774,13
8.548645167258458,100
5.124951623790916,14
22.168977986724194,165
28.378922660382308,623
82.86753460167337,42
29.00171324213018,8
12.57523020581162,9
66.7056895107593,7
19.686076268021434,253
875.3646042652813,10
6.854294761877351,8
10.001258833207492,62
28.334388262370155,115
66.21251406924644,121
8.666423164999351,6
8.237808168313885,17
5.60858801591165,8
53.91187050035533,123
7.780320420702951,68
6.024053685241656,11
5.449760278676864,71
5.15085530663568,10
28.909797047361614,21
549.332881174441,130
15.676478962141601,29
106.14657843418924,38
5.207599900722074,55
7.96637705969271,10
7.834926547501479,19
9.491860623028275,6
13.345127454456724,11
6.064598902522654,64
41.38263662941197,46
12.504060630040497,171
62.98049249317317,151
5.01049413019113,67
5.045429669151918,109
13.919610431259581,7
361.612029068589,265
9.588963178074938,13
12.474793330949137,39
7.639961864839268,7
52.523629728841264,18
21.10428591919181,13
44.86347412737191,76
7.473894749357897,41
6.172998073747395,67
5.383069990480852,27
13.894365900500764,26
26.384718938057254,12
62.517518146626706,326
53.132131996942455,9
5.900317870716035,117
64.67927599389219,66
10.421973802449273,13
63.24171192059655,40
5.285903529923804,8
6.3574297804699205,14
19.364080881567713,6
53.02495201066379,9
13.842345950323805,7
6.0247528668655805,7
349.2521606690492,7
16.979216239587267,355
11.80665915494128,15
5.273690293903536,18
5.676950914813919,79
115.97435057875417,81
23.649627219833018,9
5.183412268568202,30
5.062933894737444,15
78.6482963111302,30
24.697080102838434,138
7.505609605550811,106
10.888205124650218,15
8.933060670526004,6
24.682066768850387,16
43.182858870060585,105
17.606729020583163,6
91.67406251309752,58
52.19138424363598,77
7.680987692294525,68
5.037138229037241,38
9.654485244536513,378
5.252499531067671,18
8.93909566618608,9
9.72976136752805,22
25.797914498088904,7
8.139792276976362,8
33.64811595929622,33
6.64826288670128,27
5.8133328086912,44
235.08128159937988,13
522.2056611132027,6
8.133030416831582,83
26.097537637373627,16
8.655669953832433,187
5.5701204153298205,33
10.634210234728558,13
11.027559960923318,9
14.216773905456073,10
5.342044232172305,7
5.828954158472992,10
5.152003105929614,7
89.56739353113838,6
5.052798509716314,19
6.755782690263632,55
13.883091100455959,83
18.46290566323736,355
15.323336642617408,14
8.01721108467924,81
1190.9822109513339,99
16.348246748248418,14
5.3013112497112065,31
6.42226540104103,26
32.56522514400855,93
9.604332117995083,46
7.937644800501052,8
85.66110651868196,8
77.43188117949083,6
16.38475227989749,78
159.3081233766784,9
7.786287297605485,12
57.73264982179594,2509
8.98090904493497,18
264.9988372943922,7
22.729867673870636,21
73.5599668041064,131
16.86043842330408,216
21.326023072140522,33
6.901862932250722,7
13.932459683112585,282
12.156110040524865,213
7.308860713109737,6
54.88398762178612,75
5.032199041269329,22
7.9777747191352,9
35.480034161285836,81
5.293202190675763,56
24.800484734465165,350
5.7349022928619435,7
6.216741007014998,304
8.316527618749383,69
79.07708746048738,78
43.64083715331855,78
11.244042581693456,78
7.058037865772896,61
14.267942657551707,162
9.607169543620191,101
17.432609012970634,108
328.96064483059473,339
12.139645503251367,17
30.463418948222888,37
19.13070487918991,29
22.1254147327917,7
7.812678429762401,6
115.78736777389973,117
5.320474301606577,106
563.7168198148738,7
6.56929389400725,50
98.14074298627297,100
7.436472401389882,89
17.866547383734726,841
19.223315550764575,130
6.517915908252656,24
14.762264237959926,308
15.440388835320842,239
5.342044232172305,7
20.745217494838325,294
92.92428013331192,480
14.787321361663036,12
24.05255987405693,13
26.843833069987944,143
6.068096040755978,12
11.55490861187935,10
91.44580256108833,181
10.034838896315962,10
4081.8704553314556,41
8.263191186594536,11
35.89894980738728,19
7.862129872549003,6
10.333339673107616,198
51.20256728604231,8
384.1247174156502,17
13.895417968074257,20
78.67015696396257,11
7.369666094097412,9
5.5528409442209385,13
356.4782972738427,1656
8.305490565826394,10
5.345460670289188,22
26.224938838013863,336
152.52171165214958,58
39.90266053230733,1558
5.03548724206143,20
5.3393405395186795,25
82.92732499009207,66
8.235123867253451,42
5.63922755968292,7
8.555483799119763,90
5.125257091361958,33
14.600512906699986,321
46.32771815271986,9
6.661437905691114,9
9.981990498720076,8
6.415578532492911,9
5.8612986961525735,7
74.67581142655575,19
16.120260349373474,7
19.641525335585015,13
10.612775870655398,15
14.1804224850923,14
9.988630629637923,47
6.710184669528089,7
6.157338236381988,8
11.923786688000481,23
6.975866031647927,48
6.434022323074196,77
891.0979993861374,434
57.31548270678221,8
13.495241856377143,6
7.219165413493636,12
8.14722852222871,171
8.252235939611444,100
7.830950567700783,7
23.322207911351054,182
15.60930933329289,13
21.690860651454926,7
8.280449130965962,9
25.787867426042933,369
6.808195947985943,22
755.002989065678,78
8.608726787223413,19
11.955131891400582,252
5.073638708852002,36
7.85713341459656,6
5.4116103278290115,11
17.224104252189143,47
5.327179252421471,7
30.098111098221082,9
5.806299650134277,75
13.242029566832933,10
18.460105951528472,7
174.13150947010095,7
18.607197062042967,163
6.390898156277584,60
48.78892087626598,109
5.1959486039546094,92
23.01903838081587,220
7.565812425452589,126
118.12771398654901,57
38.0992376219375,156
30.531666590517318,16
6.982994635571642,9
16.02247369625586,12
35.29784052924074,8
6.141218346908629,12
15.063212032331153,20
21.873658278091067,302
284.7495144398744,7
2129.4301634750973,23
17.993996144901416,6
5.224094909999824,283
84.14268535198728,15
23.671214465789415,181
8.542430661977155,6
