NumTriangles,Frequency
2922,1
2573,1
2196,1
1709,1
1569,1
906,1
861,1
617,1
604,1
493,1
453,1
448,1
414,1
380,1
362,1
361,1
349,1
347,1
342,1
341,1
340,2
322,1
317,1
316,1
310,1
304,1
302,1
299,1
294,1
283,1
282,1
277,1
262,1
257,1
253,1
250,1
244,1
239,1
233,1
229,1
226,1
225,1
223,1
220,1
219,1
213,1
198,1
195,1
191,2
190,2
187,1
184,3
181,1
180,1
178,1
174,1
172,1
171,1
166,3
165,2
163,1
162,1
161,1
160,1
159,1
154,1
153,1
150,1
146,1
145,1
143,1
142,3
140,2
138,2
136,1
133,1
131,2
130,1
126,1
125,1
123,1
122,1
121,2
120,2
117,1
115,4
113,1
112,2
111,2
110,1
109,2
108,1
107,1
106,2
105,4
104,1
103,1
102,1
100,3
99,1
98,3
97,2
96,1
95,2
94,2
93,3
92,3
91,2
90,6
89,1
88,3
87,3
86,1
85,2
84,2
83,1
82,4
81,3
80,4
79,2
78,1
77,5
76,4
75,2
74,5
73,4
72,3
71,1
70,4
69,3
68,3
67,2
66,4
65,7
64,2
63,4
62,3
61,2
60,9
59,7
58,5
57,2
56,3
55,2
54,6
53,5
52,2
51,4
50,2
49,6
48,5
47,10
46,12
45,1
44,11
43,7
42,9
41,7
40,9
39,6
38,9
37,8
36,15
35,12
34,12
33,9
32,11
31,13
30,13
29,17
28,19
27,12
26,20
25,18
24,23
23,33
22,35
21,33
20,41
19,34
18,32
17,32
16,34
15,48
14,60
13,76
12,93
11,86
10,110
9,163
8,208
7,335
6,405
5,675
4,1164
3,1995
2,6555
1,22415
0,564003
