ax,ay
1.1553593070003538,17
3.1412722836114106,6
2.9857139053263486,7
1.7288170566382717,8
3.113166629535527,3
0.6263384809384002,12
3.938986877465854,40
1.929508998090536,7
4.070042459512098,4
2.228475928224729,26
3.3030718996912363,0
7.6761022270175205,10
3.110556714218175,2
1.1768020907503656,6
0.36027285904085526,7
2.2640334861118867,12
8.82571137699348,3034
12.443860186367257,76
0.5578174980741589,9
1.1920803768886445,6
0.1846211156982442,6
1.480738200240195,11
1.5522087354289413,15
1.4838614382276734,1423
1.400774317911246,12
1.2371066837904559,46
2.121837291844459,8
5.42451210592385,1
0.6675106421680724,6
3.1472381863844827,0
0.8819518989662074,7
5.7531703251578525,1
1.036105774305817,8
2.879265480728899,7
3.5625021062490903,5
0.33967258151658875,7
1.019029675724936,10
3.2699317711614566,3
2.0948889556045773,13
0.27960545480245763,7
4.918851645325628,11
3.2047950556166223,0
2.90609017930671,10
2.640623023777763,7
1.9371560285308547,7
2.069224814598892,6
3.0422991476045467,14
1.6684707256102664,875
0.6653342149437301,6
0.3847900231694229,111
6.6234314297037225,45
1.7399027149874438,7
7.206963158227595,19
0.5991687398920967,7
0.31517737449127764,100
3.86837119764222,8
3.452035443043721,0
2.489183991706149,18
0.36676866459038715,8
1.9313201728777125,22
4.3303521499528115,15
2.0825435558268803,9
0.6717422357944336,18
2.1934009877547527,6
0.15601209876161817,35
0.6660340473919529,14
1.1979587976705781,44
11.723225430425552,46
9.670436844981152,25
2.087270467960226,6
3.4576094557010904,5
0.16211484375,11
1.8103681319495966,7
2.3720972248264087,98
2.5646600441692486,10
4.144122738595424,3
4.2061914001727025,1
3.886740220839943,14
4.195605131643525,3
4.01118730643353,13
4.769043716654103,8
6.080607691316943,4
1.3976409981772406,34
6.4406744911901885,43
4.714722629760332,31
8.930586136680105,44
0.27749999999999997,9
1.5631473421535977,12
5.559062070104279,4
13.484969119830348,3
0.5217313819727996,11
3.942092089477003,6
0.38616478252828995,6
1.6142080709844,11
0.20780598330510325,20
6.0952626507744485,37
13.682391468104285,17
2.892394628051548,7
3.9104527560584876,0
8.473424705913002,22
4.15308274856701,5
15.445580970752747,5
3.0650879905619686,0
3.3487220116597736,3
1.9424436811525785,16
6.364175435650361,10
3.8379752335898956,5
0.166840104062426,13
5.413088791195262,35
3.127828153900883,0
2.1436988236140713,9
1.334327279079041,135
0.15,395
6.639181369584083,0
3.725245085472825,0
11.838171949985856,31
1.4986176771039268,300
5.791494604685188,13
0.49424999999999997,7
3.2152249864807936,5
4.327922676741181,41
4.785410800567251,4
0.8555438358286247,7
1.2943228250425851,59
4.1039218902036465,5
0.33734272691485817,6
1.2424675477162406,15
13.400393182474536,3660
1.2597383904383335,7
0.4063740342701879,6
0.26381952623728394,113
1.3133145210927062,18
5.941543465681513,8
2.8120943055135648,14
6.321710098685624,44
2.3188397839970274,6
0.5945979594256631,7
3.170148644830752,1
3.710368228441713,6
3.8051186656380063,7
1.6837102773473902,9
4.097870245768726,2
0.942822585984936,7
1.9809641837882261,9
0.23198028109009639,9
10.258003256604596,10
4.688786514200948,5
0.8484459362116231,7
0.1628914033025497,6
14.131630974412879,3
1.084242213035117,7
1.8466031570754684,8
3.4940932018917383,11
1.6498322335458455,6
1.2825381694297922,27
12.455998226064102,26
0.1510305661845259,900
4.033360419192995,0
0.5651744850051275,7
1.3445111273099561,15
2.010242048490667,8
0.22832344654944436,200
0.2782563914018038,10
0.4267182937181663,46
3.146315218193528,10
0.17586956521739125,97
0.37065968355646717,6
24.485594042472467,12
6.033517913848806,1
0.4479807317877237,380
2.5553297046866867,10
3.0156251277222017,13
1.6986290851854207,7
3.281461837148681,32
3.2910524959490672,4
19.51303225616985,77
0.21586961693352694,6
2.9999429963167485,12
0.1513368137697005,380
0.21773437499999998,6
0.5467335335228681,7
1.6343383613327092,12
4.7789114206153736,0
1.2327017562934843,8
3.234864008314734,11
0.2587105263157895,12
1.1685054685643805,9
2.021030155818288,9
0.890475735453393,21
1.3118703990612508,6
0.7403905697803825,32
0.9691874999999995,12
9.311719390545948,0
0.9774135787966929,9
2.3514492421037003,6
7.567405104499654,74
0.928940156198777,12
1.5944826158016256,12
6.013592858400679,1
2.6943561452148432,7
0.7415202225688219,7
0.3966806756414688,6
3.3947710227085355,0
1.1041389384979368,6
11.78613851271081,7
4.653042477911116,16
0.37520403438618716,8
0.4006136092241205,6
8.802173214125018,485
3.1124509583564377,4
1.3488136784351545,156
0.6673297359375001,6
1.1588109115507002,47
2.8273692004142896,6
3.719980306705991,11
5.195203994757427,4
1.1798905425383261,38
3.4944166066198816,0
2.119009944711027,10
2.0296634721906854,7
2.312703912274306,10
1.8417992820577758,23
0.5840218356511799,6
0.15940100025580442,6
3.2462199760307606,32
6.414323173664388,80
9.437907002914084,24
0.9497018532001078,13
0.38923006992931475,18
1.4871834707496805,7
0.4606606106307096,25
3.438044910059889,1
1.8008313021697429,8
1.6165400415677367,42
0.8816357942008429,503
6.200678126321348,48
5.947437263112595,6
1.1291788490354837,7
2.9351917757155874,11
3.2841514163740593,7
0.8092928233301226,6
4.390835784107201,6
14.243336026340664,26
1.422431069245883,14
3.4321536576036578,2
1.597014731178041,140
1.7889783088177416,12
20.25042923982932,14
5.445386308419783,42
4.24835026174233,21
1.3708133952653598,6
1.397346523266912,11
0.2259841756223947,68
0.3245769230769231,6
1.4819456346988067,7
9.49343702843632,0
0.33649826167973496,12
3.244587814056343,75
9.33496036183611,6
2.2461838288400378,133
0.401015625,7
3.331835964140388,474
3.7060811097460378,6
2.7126104996031053,26
1.6627225571658624,40
1.5689653866943913,8
2.3953171401571614,7
0.32963449840205267,40
1.7819760822508997,6
12.759733211548708,24
3.3702197388184265,27
0.5480632219261553,6
3.5167254617537504,10
4.947073016449836,19
14.924715779490516,22
15.248391302444583,35
1.0056456439368449,6
0.28481275401915856,6
0.9533212103847184,11
1.187093127187566,6
0.43831462800058063,11
1.2289711797295317,6
0.2213414273379222,101
1.502407345244849,6
4.667344472411128,32
0.8214936905894471,6
1.4224288534859497,10
2.1367345917069884,6
24.72826194101779,251
1.7831565100575706,6
1.1563117079482297,16
6.070656550462914,18
2.394012896259002,9
0.8361482747650956,7
4.12474314113373,7
5.819769829306112,4
4.661064607875386,1
7.03255651898072,11
2.4301520917131336,6
10.533513893146049,97
2.0665097732676294,8
5.751995329910835,19
0.482009706500222,33
1.6365269946197922,12
3.8329394786600433,2
2.5010977935362444,8
2.35858280898277,9
2.7050206735268256,6
7.521010064914354,28
1.8794366404647973,595
1.358652040708436,7
3.1455827953628384,8
2.203247947069867,8
1.4812812378283196,13
3.921441613906867,17
0.6282160305709763,18
2.1695543768485903,15
1.6153104895092163,12
0.31478771645863624,6
0.985399871044885,6
0.5359811932697659,13
3.153259465766279,37
3.7503324355494265,2
0.15792445119816423,114
6.754783320857546,15
0.9525578164084958,14
1.04331655010388,6
2.0398068752882765,7
0.6253614075537518,11
1.4543161602162227,105
6.081902616007604,17
3.080252568389821,0
3.395071179621936,12
0.1763833943133315,24
0.9114373702345653,10
1.5716400507291148,9
0.9054704086277282,10
6.686500335766519,0
0.8769075930091961,8
0.9659358132821857,10
1.6127263543491461,11
0.7520512584760809,306
2.0539405678497236,13
0.193828125,6
2.723201112376712,18
2.935587956316702,39
1.7532925351880135,9
2.884561988142791,17
2.2023246152801397,19
4.8524001062344215,7
0.9366445643875188,20
0.6806107424455529,22
7.4332253429629676,15
3.9744349497761537,1
0.28352287400414933,54
3.603723360929817,1
3.281031686655635,29
4.378186416799645,36
1.932968467720092,8
0.4049999999999998,12
11.068099193384212,1
7.867942373774311,27
1.255174938922707,52
1.8900922561686915,6
2.3404530090460023,13
230.98472532914082,727
0.4229254385114424,26
1.5093821516116224,31
3.177285068360013,205
0.9021696421302986,16
1.5492749954611849,1509
2.1156171681139417,38
0.45979475376401735,7
4.908614591306163,37
4.505773575310026,11
5.083207800578504,0
0.23240563186813185,6
2.5548918147607664,10
7.452107865449052,38
0.3571809006211192,368
5.255383484110405,26
0.47819872923471407,371
0.2752885489656248,13
0.19939948706056448,11
1.160478797084516,9
0.3586968943177735,7
2.4654097656142713,7
0.7259881722173961,6
3.438298287892231,0
2.8762571413794085,9
2.2045339191263778,117
0.2753295847170455,121
0.7673697763124612,11
3.0319517665001894,0
13.897173193094611,88
25.98552970730434,36
6.961910749732439,8
2.422481293177161,11
1.8279096866356854,10
1.6253518590746396,12
0.2820112834644105,10
1.47133607619278,901
2.008628587383017,8
1.1272269352158004,7
0.15540400863752815,6
2.5104678950506196,8
4.291913240154034,5
0.3299337399449533,6
3.8000311077180946,7
6.404461872336783,0
0.4869140825143006,30
2.45908866367049,20
3.878126411876346,1
12.779828185591729,21
1.2326984621586523,100
3.0292297277432927,0
21.21022866856361,96
0.4269149553971948,7
3.1494864434079397,2
0.38427765237018874,20
33.04602927640281,77
0.4722248887103687,63
2.183737850338185,8
4.001107136740802,1
7.736219838967205,10
0.33046950997021984,6
1.7868039397620055,6
4.421612169977795,0
1.145637493750642,26
0.5235732026416016,23
3.1476714971391924,2
0.36803564612768663,15
0.9168928057973701,6
3.3418830871706677,4
11.742151093515746,62
3.3891599971381745,23
20.366446474812253,65
3.0871821482306285,0
0.5968538830045748,12
1.3402696027494765,9
2.890900357469339,7
2.959122894966235,27
0.39067443671642,6
1.276530996834739,6
0.3016071649192724,7
1.8403016684917701,6
20.966463579356613,150
2.5195122302137904,8
