HarmonicCentrality,Frequency
(495000,1)
(493000,1)
(367000,1)
(359000,1)
(318000,2)
(301000,1)
(296000,1)
(286000,1)
(279000,1)
(275000,1)
(263000,1)
(262000,1)
(257000,2)
(256000,2)
(253000,1)
(246000,4)
(245000,1)
(243000,8)
(242000,12)
(241000,5)
(240000,1)
(239000,4)
(238000,4)
(237000,10)
(236000,6)
(235000,8)
(234000,10623)
(233000,31)
(232000,3)
(231000,1)
(230000,8)
(229000,3)
(228000,1)
(226000,99)
(224000,1)
(223000,11)
(222000,23)
(221000,20)
(220000,12)
(218000,4)
(217000,15)
(216000,26)
(215000,30)
(214000,25)
(213000,55)
(212000,31)
(211000,23)
(210000,9)
(209000,12)
(208000,8)
(207000,20)
(206000,16)
(205000,13)
(204000,18)
(203000,9)
(202000,7)
(201000,3)
(200000,2)
(199000,6)
(198000,26)
(197000,54)
(194000,4)
(192000,1)
(190000,3)
(189000,2)
(188000,2)
(187000,24)
(186000,5)
(185000,14)
(184000,10)
(183000,145)
(182000,18)
(181000,17)
(180000,23)
(179000,21)
(178000,18)
(177000,22)
(176000,43)
(175000,46)
(174000,59)
(173000,37)
(172000,40)
(171000,1175)
(170000,39)
(169000,24)
(168000,13)
(167000,24)
(166000,20)
(165000,25)
(164000,24)
(163000,39)
(162000,42)
(161000,39)
(160000,38)
(159000,59)
(158000,54)
(157000,3064)
(156000,5444)
(155000,168)
(154000,114)
(153000,94)
(152000,135)
(151000,102)
(150000,101)
(149000,112)
(148000,125)
(147000,143)
(146000,271)
(145000,2651)
(144000,121)
(143000,106)
(142000,143)
(141000,189)
(140000,200)
(139000,350)
(138000,4057)
(137000,74)
(136000,161)
(135000,139)
(134000,1831)
(133000,119)
(132000,95)
(131000,84)
(130000,103)
(129000,160)
(128000,109)
(127000,118)
(126000,128)
(125000,107)
(124000,158)
(123000,201)
(122000,255)
(121000,2153)
(120000,1416)
(119000,215)
(118000,319)
(117000,238)
(116000,179)
(115000,468)
(114000,162)
(113000,203)
(112000,1336)
(111000,204)
(110000,1310)
(109000,239)
(108000,240)
(107000,1806)
(106000,194)
(105000,183)
(104000,209)
(103000,2070)
(102000,155)
(101000,184)
(100000,332)
(99000,3014)
(98000,988)
(97000,284)
(96000,220)
(95000,415)
(94000,920)
(93000,630)
(92000,1004)
(91000,789)
(90000,1004)
(89000,3117)
(88000,3963)
(87000,1103)
(86000,1490)
(85000,2222)
(84000,721)
(83000,1451)
(82000,2306)
(81000,2255)
(80000,7857)
(79000,2881)
(78000,2143)
(77000,2105)
(76000,2701)
(75000,1901)
(74000,6179)
(73000,4991)
(72000,10732)
(71000,717)
(70000,1078)
(69000,2273)
(68000,1161)
(67000,1367)
(66000,2783)
(65000,1626)
(64000,959)
(63000,2290)
(62000,1254)
(61000,2220)
(60000,3265)
(59000,2049)
(58000,1858)
(57000,2772)
(56000,2538)
(55000,2279)
(54000,2427)
(53000,3299)
(52000,2896)
(51000,4052)
(50000,4835)
(49000,1956)
(48000,3582)
(47000,3115)
(46000,5143)
(45000,3295)
(44000,5951)
(43000,6581)
(42000,5299)
(41000,4795)
(40000,8462)
(39000,10427)
(38000,7855)
(37000,5978)
(36000,7457)
(35000,7728)
(34000,8175)
(33000,14372)
(32000,8862)
(31000,7845)
(30000,12028)
(29000,12389)
(28000,13946)
(27000,5100)
(26000,7101)
(25000,10201)
(24000,5640)
(23000,7585)
(22000,7663)
(21000,7495)
(20000,9718)
(19000,9514)
(18000,9840)
(17000,13212)
(16000,14434)
(15000,14450)
(14000,21562)
(13000,19489)
(12000,23170)
(11000,25384)
(10000,31012)
(9000,37050)
(8000,38798)
(7000,42059)
(6000,50553)
(5000,71174)
(4000,48195)
(3000,80672)
(2000,126226)
(1000,236930)
(0,920195)