HarmonicCentrality,Frequency
(2835,1)
(2430,1)
(1985,1)
(1895,1)
(1840,1)
(1830,2)
(1825,1)
(1820,1)
(1810,1)
(1805,1)
(1795,1)
(1790,2)
(1780,2)
(1775,4)
(1770,2)
(1765,1)
(1755,1)
(1750,1)
(1745,2)
(1740,1)
(1735,1)
(1725,2)
(1720,4)
(1715,6)
(1710,6)
(1705,13)
(1700,18)
(1695,251)
(1690,880)
(1670,1)
(1665,1)
(1630,1)
(1610,1)
(1550,2)
(1540,1)
(1525,1)
(1515,2)
(1505,1)
(1495,1)
(1485,1)
(1480,4)
(1475,9)
(1470,13)
(1465,167)
(1450,1)
(1435,1)
(1420,1)
(1415,2)
(1395,2)
(1390,2)
(1370,1)
(1365,1)
(1360,3)
(1355,1)
(1350,1)
(1340,1)
(1335,1)
(1330,1)
(1320,1)
(1305,1)
(1300,2)
(1290,21)
(1285,53)
(1275,1)
(1260,1)
(1245,1)
(1240,1)
(1235,2)
(1230,2)
(1225,3)
(1220,1)
(1215,2)
(1210,13)
(1205,4)
(1200,16)
(1195,74)
(1190,1)
(1185,2)
(1180,3)
(1170,7)
(1165,7)
(1160,1)
(1155,2)
(1150,1)
(1135,3)
(1130,3)
(1120,2)
(1115,2)
(1110,5)
(1105,2)
(1100,1)
(1095,8)
(1090,24)
(1085,1)
(1080,4)
(1075,5)
(1070,3)
(1065,6)
(1060,7)
(1055,1601)
(1050,8)
(1045,18)
(1040,15)
(1035,86)
(1030,20)
(1025,17)
(1020,48)
(1015,952)
(1010,77)
(1005,9)
(1000,455)
(995,9)
(990,191)
(985,24)
(980,655)
(975,13)
(970,19)
(965,15)
(960,18)
(955,27)
(950,140)
(945,43)
(940,107)
(935,499)
(930,399)
(925,12)
(920,8)
(915,7)
(910,10)
(905,2)
(900,7)
(895,12)
(890,56)
(885,16)
(880,7)
(875,9)
(870,106)
(865,317)
(860,65)
(855,4567)
(850,195)
(845,39)
(840,60)
(835,26)
(830,161)
(825,221)
(820,122)
(815,22)
(810,1153)
(805,9)
(800,12)
(795,19)
(790,39)
(785,8)
(780,20)
(775,135)
(770,451)
(765,1422)
(760,89)
(755,9)
(750,47)
(745,25)
(740,16)
(735,35)
(730,45)
(725,3694)
(720,14)
(715,12)
(710,7)
(705,8)
(700,15)
(695,13)
(690,10)
(685,65)
(680,33)
(675,11)
(670,39)
(665,43)
(660,22)
(655,314)
(650,80)
(645,74)
(640,90)
(635,35)
(630,151)
(625,42)
(620,117)
(615,54)
(610,28)
(605,36)
(600,167)
(595,203)
(590,82)
(585,177)
(580,18)
(575,31)
(570,98)
(565,56)
(560,43)
(555,293)
(550,164)
(545,82)
(540,216)
(535,277)
(530,142)
(525,140)
(520,283)
(515,129)
(510,74)
(505,75)
(500,150)
(495,378)
(490,150)
(485,58)
(480,156)
(475,655)
(470,346)
(465,100)
(460,174)
(455,2599)
(450,106)
(445,118)
(440,62)
(435,137)
(430,148)
(425,191)
(420,144)
(415,99)
(410,211)
(405,304)
(400,63)
(395,146)
(390,224)
(385,654)
(380,241)
(375,36)
(370,82)
(365,74)
(360,183)
(355,123)
(350,369)
(345,67)
(340,227)
(335,71)
(330,93)
(325,70)
(320,301)
(315,409)
(310,226)
(305,156)
(300,280)
(295,422)
(290,154)
(285,1083)
(280,386)
(275,832)
(270,124)
(265,85)
(260,161)
(255,479)
(250,91)
(245,280)
(240,239)
(235,963)
(230,638)
(225,287)
(220,249)
(215,324)
(210,1186)
(205,146)
(200,235)
(195,333)
(190,792)
(185,291)
(180,184)
(175,195)
(170,241)
(165,259)
(160,238)
(155,174)
(150,150)
(145,345)
(140,226)
(135,220)
(130,264)
(125,356)
(120,548)
(115,502)
(110,565)
(105,543)
(100,616)
(95,210)
(90,564)
(85,760)
(80,469)
(75,344)
(70,515)
(65,1028)
(60,406)
(55,989)
(50,1013)
(45,723)
(40,1150)
(35,2092)
(30,3841)
(25,1800)
(20,2395)
(15,5022)
(10,6443)
(5,18297)
(0,13236)