LabelPropagation,Frequency
1639165,1
152659,1
117760,1
79737,1
78862,1
76947,1
58382,1
49109,1
48004,1
35679,1
32817,1
30237,1
29000,1
28056,1
26287,1
19030,1
18211,1
16872,1
13932,1
13684,1
12620,1
12542,1
11794,1
11569,1
11450,1
10988,1
10948,1
10683,1
10358,1
9834,1
8562,1
8293,1
8169,1
8061,1
7878,1
7620,1
7433,1
7428,1
7208,1
7050,1
6646,1
6522,1
6461,1
6431,1
6394,1
6327,1
6231,1
6173,1
5852,1
5812,1
5707,1
5539,1
5511,1
5496,1
5343,1
5238,1
5209,1
5208,1
5125,1
4991,1
4938,1
4879,1
4836,1
4783,1
4431,1
4259,1
4208,1
4129,1
4120,1
4088,1
3923,1
3851,1
3846,1
3729,1
3726,1
3590,1
3573,1
3479,1
3358,1
3308,1
3223,2
3212,1
3127,1
3012,1
3004,1
3000,1
2905,1
2843,1
2781,1
2778,1
2753,1
2688,1
2687,1
2477,1
2465,1
2452,1
2429,1
2423,1
2385,1
2380,1
2335,1
2264,1
2261,1
2211,1
2189,2
2160,1
2152,1
2149,1
2087,1
2058,1
2027,1
2026,1
2023,1
1921,1
1919,1
1913,1
1866,1
1845,1
1839,1
1827,1
1825,1
1791,1
1785,1
1783,1
1765,1
1761,1
1730,1
1725,1
1714,1
1624,1
1599,1
1575,1
1503,1
1491,1
1468,1
1456,2
1433,1
1428,1
1422,1
1419,1
1418,1
1412,1
1410,1
1402,1
1380,1
1378,1
1375,1
1373,1
1345,1
1336,1
1334,1
1315,1
1303,1
1293,1
1273,1
1267,1
1259,1
1257,1
1243,1
1241,1
1238,1
1235,1
1231,1
1228,1
1212,1
1198,1
1194,1
1182,1
1176,1
1172,1
1170,2
1163,1
1149,2
1140,1
1135,1
1132,1
1123,1
1116,1
1111,1
1104,1
1096,1
1094,1
1088,1
1086,1
1080,1
1071,2
1066,2
1063,1
1057,2
1054,1
1053,1
1044,1
1041,2
1036,1
1024,1
1018,1
1000,1
995,1
993,1
991,1
989,1
988,1
987,1
977,1
973,1
972,1
967,1
964,1
960,1
944,1
942,1
938,1
937,1
934,1
930,1
920,1
919,1
917,1
915,1
909,1
906,1
902,1
901,1
899,1
898,1
896,1
889,1
883,2
882,2
872,1
868,1
864,1
861,2
858,1
857,1
856,1
849,2
848,1
845,1
844,1
837,1
835,2
821,2
820,2
819,1
800,1
799,1
797,2
793,1
791,1
789,1
782,1
777,1
775,1
774,1
773,1
772,1
769,1
768,1
767,2
766,1
765,2
763,1
759,1
757,2
755,1
750,1
745,1
744,1
742,2
739,1
736,1
727,1
719,1
714,1
712,1
710,1
709,1
708,1
707,1
704,1
702,1
697,1
695,1
693,2
691,1
690,1
689,1
687,1
686,1
685,1
683,1
677,2
674,3
673,1
672,2
671,1
669,2
667,3
660,1
658,1
657,2
656,2
655,1
654,1
652,2
649,1
648,1
645,1
643,2
642,1
641,1
639,1
638,1
635,1
634,1
629,1
624,1
622,1
620,1
619,1
617,1
616,1
614,1
613,2
612,1
608,1
606,1
599,2
595,1
593,1
592,1
591,1
590,1
588,1
587,1
586,1
585,1
583,1
582,1
580,1
579,2
573,1
572,1
571,1
569,1
568,1
567,1
565,3
564,1
562,2
558,1
557,2
555,2
553,1
552,3
548,1
546,1
545,2
544,1
543,2
541,1
540,1
539,1
538,2
537,1
536,1
533,1
531,5
528,3
526,2
524,1
523,2
521,1
520,1
518,2
517,2
514,1
513,2
512,2
510,1
508,1
507,1
506,1
503,1
502,1
498,1
497,2
495,1
494,1
493,3
492,1
491,1
490,1
489,2
488,1
486,1
485,1
484,1
481,4
480,1
477,5
475,1
474,2
473,1
472,1
470,3
468,3
467,1
464,1
463,2
461,2
460,4
457,2
455,2
454,1
453,2
452,1
451,1
450,1
449,3
448,3
447,1
446,2
444,1
443,2
442,3
438,3
437,1
436,2
435,1
434,3
433,1
430,3
428,1
427,1
426,2
424,1
423,2
422,1
421,2
420,2
419,2
418,2
416,2
415,3
414,1
412,1
411,3
410,2
408,1
405,3
404,1
403,2
402,1
401,1
399,1
398,3
397,1
396,3
395,1
394,1
393,4
390,1
389,1
388,1
386,2
384,3
383,1
381,2
380,4
378,1
377,1
376,2
374,3
373,2
372,2
371,2
370,3
369,2
368,2
367,2
365,1
364,4
363,3
362,2
361,1
360,1
359,1
357,1
356,1
355,2
354,1
353,5
352,4
351,2
350,2
349,3
348,3
347,3
345,2
344,5
343,3
341,4
340,8
338,4
337,1
336,4
335,3
334,1
333,1
332,2
331,3
330,1
329,3
328,2
327,5
326,2
325,4
324,2
323,2
322,1
321,3
319,6
318,5
317,5
316,2
315,1
314,2
312,3
311,3
310,6
309,5
308,4
307,1
306,6
305,1
304,4
303,1
302,4
301,3
299,3
298,3
297,3
296,1
295,2
294,5
293,4
292,5
291,7
290,2
289,1
288,4
287,4
286,3
285,4
284,3
283,1
282,3
281,7
280,3
279,2
278,3
277,4
276,8
275,4
274,2
273,4
272,8
271,6
270,6
269,3
268,6
267,6
266,5
265,3
264,2
263,4
262,7
261,4
260,1
259,1
258,5
257,8
256,2
255,4
254,5
253,7
252,6
251,3
250,5
249,6
248,7
247,8
246,4
245,3
244,6
243,8
242,4
241,2
240,3
239,6
238,11
237,9
236,3
235,4
234,5
233,3
232,5
231,4
230,4
229,9
228,8
227,7
226,8
225,6
224,6
223,6
222,2
221,10
220,7
219,4
218,7
217,4
216,3
215,8
214,3
213,8
212,7
211,3
210,10
209,10
208,9
207,8
206,1
205,9
204,9
203,3
202,9
201,10
200,6
199,8
198,7
197,7
196,15
195,4
194,5
193,7
192,9
191,13
190,7
189,10
188,14
187,10
186,7
185,10
184,10
183,9
182,13
181,13
180,9
179,6
178,13
177,10
176,18
175,10
174,10
173,14
172,11
171,15
170,19
169,16
168,20
167,15
166,14
165,13
164,19
163,12
162,13
161,8
160,16
159,14
158,25
157,20
156,16
155,21
154,13
153,17
152,16
151,14
150,20
149,24
148,14
147,14
146,26
145,21
144,19
143,17
142,24
141,22
140,15
139,17
138,17
137,20
136,17
135,20
134,16
133,23
132,29
131,27
130,22
129,17
128,23
127,25
126,29
125,28
124,34
123,21
122,26
121,29
120,27
119,36
118,29
117,29
116,37
115,24
114,35
113,41
112,36
111,27
110,33
109,35
108,42
107,42
106,42
105,26
104,34
103,34
102,50
101,52
100,51
99,49
98,40
97,38
96,46
95,58
94,51
93,47
92,57
91,51
90,53
89,62
88,60
87,71
86,49
85,74
84,66
83,65
82,67
81,52
80,60
79,82
78,60
77,82
76,77
75,72
74,79
73,91
72,76
71,91
70,78
69,106
68,96
67,99
66,90
65,110
64,116
63,113
62,136
61,124
60,120
59,127
58,160
57,169
56,162
55,172
54,198
53,200
52,176
51,202
50,198
49,188
48,230
47,215
46,217
45,257
44,276
43,304
42,305
41,336
40,315
39,350
38,380
37,383
36,406
35,445
34,481
33,529
32,517
31,597
30,627
29,708
28,787
27,802
26,847
25,979
24,1044
23,1126
22,1282
21,1402
20,1635
19,1769
18,1998
17,2274
16,2695
15,3013
14,3830
13,4552
12,5486
11,6879
10,9087
9,12034
8,16600
7,24296
6,36696
5,60899
4,108205
3,214432
2,445891