LabelPropagation,Frequency
109175,1
108666,1
61509,1
44541,1
21820,1
11258,1
10811,1
8773,1
8595,1
7040,1
7004,1
5218,1
5217,1
5017,1
4200,1
3542,1
3463,1
3077,1
2762,1
2440,1
2428,1
2411,1
2251,1
2124,1
2078,1
2036,1
1927,1
1833,1
1799,1
1791,1
1784,1
1775,1
1720,1
1683,1
1670,1
1593,1
1573,1
1417,1
1416,1
1412,1
1399,1
1397,1
1379,1
1378,1
1373,1
1352,1
1335,1
1322,1
1316,1
1301,2
1266,1
1261,1
1208,1
1136,1
1109,1
1065,1
1058,1
1027,1
1015,1
1008,1
1000,1
998,1
976,1
970,1
958,1
943,1
933,1
927,1
925,1
922,1
919,1
901,1
884,1
877,1
876,1
849,1
822,1
821,1
820,1
813,1
796,1
784,1
749,1
744,1
741,1
737,1
735,1
701,1
695,1
687,1
673,1
667,1
657,1
647,1
645,2
643,1
640,1
636,1
627,1
626,1
620,1
609,1
592,1
580,1
579,1
577,1
576,1
575,1
573,1
571,1
564,1
563,2
552,2
549,1
548,1
546,1
545,1
539,1
538,1
537,1
534,1
529,1
528,1
519,1
518,1
517,1
510,1
502,1
501,1
499,1
493,1
480,1
478,1
477,1
476,1
475,2
473,1
471,1
470,1
464,1
461,1
452,2
446,2
443,1
441,1
435,1
433,1
431,2
430,1
428,2
420,1
418,1
417,1
416,2
415,1
413,1
411,1
409,1
404,1
400,1
398,1
395,1
394,1
391,2
389,1
388,1
387,1
386,2
385,2
382,1
380,1
376,1
373,2
372,1
369,1
368,1
367,1
365,1
364,1
363,1
362,2
361,2
359,1
356,1
354,1
353,1
351,1
346,2
344,2
343,3
342,1
341,2
340,2
339,1
338,3
336,2
335,1
333,2
332,2
331,2
329,1
326,2
325,1
324,1
323,1
322,1
321,1
320,1
318,2
317,1
314,2
313,1
312,2
310,1
309,2
308,1
305,1
304,1
303,3
301,2
298,1
297,1
293,3
291,1
289,1
287,2
286,2
284,1
282,2
280,1
278,2
277,1
276,1
275,2
274,2
273,1
272,3
271,3
268,1
267,2
266,2
265,1
263,3
262,2
260,2
259,1
258,1
257,1
256,2
255,2
254,1
253,3
252,2
251,3
250,1
249,2
248,1
247,1
246,3
245,1
243,3
242,2
241,4
240,1
239,2
238,2
237,3
236,1
235,1
233,1
231,1
230,1
229,3
228,2
227,3
225,1
223,4
222,2
221,5
220,1
219,3
218,5
217,3
216,3
215,1
214,2
213,3
212,1
211,1
208,1
207,2
206,2
205,1
204,1
203,1
202,1
201,2
200,2
199,2
198,3
197,5
196,2
195,2
194,2
193,4
192,5
191,1
190,1
189,2
187,1
186,3
185,4
184,4
183,1
182,3
181,3
180,4
179,2
178,4
177,3
176,3
175,12
174,4
173,1
172,2
171,3
170,3
169,2
168,2
167,5
166,6
165,2
164,9
163,5
162,5
161,2
160,6
159,4
158,6
157,3
156,1
155,6
154,2
153,5
152,9
151,4
150,9
149,3
148,7
147,7
146,4
145,5
144,2
143,7
142,3
141,4
140,6
139,8
138,7
137,8
136,8
135,12
134,10
133,7
132,9
131,15
130,9
129,7
128,13
127,7
126,8
125,15
124,7
123,11
122,10
121,11
120,10
119,10
118,12
117,13
116,16
115,17
114,11
113,15
112,10
111,15
110,11
109,14
108,18
107,13
106,15
105,12
104,12
103,19
102,15
101,14
100,8
99,20
98,19
97,16
96,24
95,16
94,17
93,26
92,18
91,19
90,26
89,22
88,30
87,26
86,26
85,25
84,20
83,33
82,29
81,21
80,30
79,39
78,37
77,38
76,37
75,37
74,36
73,47
72,36
71,35
70,41
69,48
68,46
67,46
66,60
65,30
64,59
63,50
62,46
61,58
60,65
59,65
58,67
57,83
56,77
55,82
54,85
53,79
52,93
51,101
50,109
49,119
48,107
47,127
46,115
45,127
44,123
43,136
42,153
41,180
40,177
39,166
38,163
37,190
36,244
35,211
34,234
33,251
32,260
31,276
30,299
29,366
28,383
27,380
26,451
25,504
24,507
23,562
22,650
21,701
20,806
19,827
18,968
17,1089
16,1282
15,1493
14,1784
13,2075
12,2489
11,3214
10,4117
9,5362
8,7143
7,9979
6,15211
5,24099
4,42793
3,84658
2,170671
