LabelPropagation,Frequency
3045,1
2406,1
1819,1
1670,1
1509,1
1221,1
1130,1
1104,1
1050,1
962,1
915,1
905,1
901,1
838,1
831,1
732,1
728,1
717,2
584,1
582,1
520,1
509,1
507,2
500,1
475,1
453,1
450,1
442,1
412,1
389,1
382,1
370,1
361,1
330,1
322,1
306,1
303,1
296,1
286,1
280,1
274,1
271,1
265,1
262,1
260,1
255,1
248,1
247,1
240,1
239,1
236,1
234,1
232,1
225,1
219,1
213,2
207,1
200,1
196,2
191,2
189,2
187,1
185,1
182,2
180,3
179,1
174,1
173,2
172,1
171,1
165,1
162,1
161,2
159,1
157,3
151,1
143,1
141,1
140,1
135,2
133,1
130,1
129,1
127,1
126,1
124,2
122,1
121,1
119,1
118,1
117,1
116,4
115,1
114,1
113,1
111,1
108,1
107,3
104,1
102,1
99,2
98,1
97,2
96,2
95,1
94,1
93,1
91,1
90,2
89,3
88,2
87,4
86,1
85,3
84,1
83,1
82,4
81,3
80,2
79,1
78,3
77,2
76,3
75,2
74,2
73,6
72,2
71,2
70,4
68,3
67,1
66,1
65,1
64,1
63,4
62,1
61,1
60,3
59,2
58,5
57,2
56,3
55,2
54,3
53,8
52,4
51,5
50,2
49,4
48,2
47,3
46,6
45,1
44,4
43,7
42,4
41,21
40,45
39,10
38,9
37,7
36,2
35,5
34,4
33,10
32,8
31,9
30,20
29,13
28,9
27,15
26,15
25,15
24,23
23,16
22,25
21,38
20,36
19,10
18,28
17,25
16,34
15,29
14,41
13,60
12,65
11,87
10,117
9,116
8,151
7,221
6,341
5,715
4,1802
3,4063
2,7481
