ax,ay
1025.1622285467479,0
3.483322292004031,427
0.4247390879203835,4875
409.0966814940342,0
0.4247390879203834,4876
0.30070046170577713,240
47.03009886091622,400
0.6887499017061055,4976
1.6615219458473844,247
3.975098529136653,222
0.3594524277814337,4875
564.5687916997907,0
0.4247390879203836,4976
9.930491577903032,498
1.0976751126268396,4976
5.127737946149534,410
626.5601251937388,382
5.404314570503106,236
152.54826230215716,14
0.7678588095436348,77219
2.017055539596312,280
79.86715814926715,35
0.8248287950200479,4976
0.824828795020048,4976
0.3627892123707639,4774
0.3481354229016317,456
1.0035654974181363,4976
0.5955889727987307,333
1.0487425168878322,1983
10.445028248482073,629
0.6468697023804999,4875
0.540738333926367,4875
1.0494292977285693,332
62.03227300785094,0
7.071382884383874,304
0.5629820153549294,77217
8.36370096429578,634
934.6050276755323,6
86.76019005793418,0
72.08265625135462,0
1.8942628531186478,230
1.2996107293025796,210
38.15856503814512,275
6.280483077915913,440
4.796771024437924,424
0.7743888398982504,4875
1.0367435086012284,4976
1.5568144218556244,4774
10.959999109776218,871
0.7743888398982502,4875
0.8738624705662411,4976
0.5662744634964499,224
142.69138903879474,0
4.363117409753479,450
2.9633543621772866,341
2.971568140035962,279
5.00841115391951,214
91.52348678651857,86
69.20474620298371,54
208.77540071178453,32
4.44685929389438,380
67.77570469678957,154
139.1459837572365,2
0.7828091042301254,4875
8.597790199468449,465
0.4901348193641286,212
71.97706635371709,0
2.784556897246416,292
1.0219156139861103,4976
3.680845028015277,294
1.0210930502518991,4976
0.2222872564431445,249
9.404736889033229,541
3.342496615792734,210
85.78796716790853,0
11.258899092252246,359
0.5626279314848533,4875
0.33572423342475916,4875
1.0513685777490693,4774
0.6003267782278457,4875
0.48959677189339046,464
0.6148954796679681,77219
5.899867098661028,456
0.5541874312649236,4875
1.0443354810480399,4881
0.27895433940796355,430
5.794574366877462,637
19.316422509481754,209
1.6467909244405932,4976
0.7962613777790968,77217
0.5256094398222821,4976
0.848096041137627,4976
233.12007503773864,0
0.33653186350702435,4875
0.6990544291117377,237
190.61933577708353,0
190.44559060928987,643
4.658062339842448,380
0.5509247923449048,352
5.328123935838352,280
0.4187749795687583,4875
0.15251291427346664,900
0.8669794752512661,4875
0.5256964716751791,77219
702.0119689284844,0
1.479313108028519,4875
1.0268720817254342,4976
0.571967366338953,77217
467.906789507422,593
1.0960007187974565,234
4.813010185982064,421
1.0268720817254346,4976
0.693608433662044,77217
1.0268720817254344,4976
0.808405208683574,77217
1.064390297984101,77217
1.007613421967206,4976
6.821053247602181,480
66.08327522392797,146
91.3875327311672,635
0.3977911168609133,4875
7.841728031449526,315
3.803281202480993,514
0.45117500164752633,4976
4.650877684116159,315
0.49962572364934155,4976
0.8279107587551625,4774
5.335787868152855,485
2.287467053503341,260
0.7427325384846245,4976
7.995405955820529,523
478.7271761511443,0
1.0188543303875774,537
0.24081163904177383,260
1.7003460497238332,253
123.60544904051714,108
0.9946794848499565,4875
1.6879536613022204,368
5.772002538845023,204
0.5025957548835669,77217
0.5281045937345611,4976
26.773388542509686,403
0.15468033308491075,58909
1.0358942837328777,77217
24.771941865080887,282
1.0820465788454154,4976
3.846656262351115,399
65.26498924715492,0
122.79251881620213,320
0.999105639788072,4875
0.7496049863601358,4976
0.7627124629175646,211
1.8703490770825073,254
8.086385536337204,979
3.206221228786467,283
0.5055410781217362,225
31.978748672363558,279
8.28468212361362,728
633.1593416099345,0
0.5236783237938937,4976
80.91977971908697,822
11.493561432577028,783
9.702762319699508,218
9.297733350544283,492
0.5007180288533739,4875
17.798632224865646,874
0.9611783333434416,4875
0.4035047589043542,4875
1.3381612168102477,1138
1.0570900135544752,4976
72.14927271616584,2
2.103362146978991,4875
102.14714285405874,0
3.439766574644105,234
0.40293791242446153,5077
1240.5858381822882,2
0.8790555124954234,77219
3.212073693357819,582
5.017117885725789,290
3.457278818685734,201
0.7246354876905764,5077
1.0391007685547582,4875
1.0494112990411726,4976
0.8581021514300824,4875
8.358103280817327,599
167.67952223169522,0
1.0018832725104856,4875
1.0641869800750645,4976
1.056707687331709,4976
5.771225158396259,259
0.740757124133858,4976
58.73560511213359,203
7.142351406306548,211
0.3862847848630502,4875
8.110873071820462,452
20.192070945660003,708
6.969505854417984,961
0.7800172045895036,4976
339.5471135620513,0
0.6765683161898062,4976
0.556175571171145,4976
0.5214484668495184,4774
1.080509728204014,4976
3.270234916383306,254
74.48478812483616,52
269.6423288730628,0
1.0162515208799516,4875
88.35706914454884,0
0.6382890529224334,4875
19.412561186724215,302
152.92158925152233,1077
8.274290512623331,1032
1.006264098979383,4976
0.41361407757393354,223
0.4444844309837198,4875
118.80851836119041,25623
1.2955342915328607,4976
1.1085433349706484,4976
0.6618534273710894,4875
73.9779891896878,122
96.7831935860731,213
7.432782320735179,217
0.5544705274058518,4976
0.5533990364555731,4976
0.5634697857714132,4976
0.5533990364555729,4875
106.74524169627644,211
0.8915896086629206,4976
0.8010737249129206,4976
12.836040678394117,492
0.8010737249129205,4875
63.80605805245514,400
0.8010737249129207,4976
0.15327341907745418,58909
140.3192614501714,206
6.8811289509173275,408
16.260313296826,454
0.5234846408825731,77219
73.14203020807514,263
1104.669175605072,0
21.40586747543033,222
9.166124679684918,381
0.9812997659491671,4976
0.5308262587793956,4877
0.8893853058790544,4875
3.135844000459319,211
21.83686726291026,1498
1.332307443019494,4875
3.401339879957173,372
0.2997077035005835,4774
0.5731426984216846,4976
5.336555759922771,360
3.973484573137781,205
1.8291350313485095,244
16.77554865984673,230
7.2680478699740325,401
1.050456686117776,323
1.5034597538799015,4774
1.0129010785210304,4875
0.6743079225851433,4877
0.5605013397922498,300
1.5270206367179056,4976
1.0392475363421025,4976
1.0553033171602362,4976
1.0473755688934667,4976
0.4563102045910762,4875
5.218676957514543,279
1.0218492667150503,4875
0.5685627367158438,223
2.98024595726073,227
0.8424970595914483,328
819.4932503245316,800
70.48407571077607,0
22.776326489024697,545
2.948041384861391,347
7.129563645438595,3013
3.528639942761881,235
4.14819190868267,255
7.208127476819112,464
0.7402141299751751,4875
0.4865110251420788,4976
0.5512597078743723,77217
7.952493823404347,660
202.77606223531203,0
0.4865110251420789,4976
0.7700789720625267,4875
0.16348350253807106,240
0.3043209730213924,205
9.963256904301446,1123
5.282594160394828,858
0.423842402303527,4976
12.638206406988104,365
5.612518215564761,271
1.7064937580102322,279
5.74608276972277,347
66.52093007203374,468
0.4289592055011824,4976
0.5785817973689881,4976
12.053583565608092,272
68.27636643632984,106
0.6474658274761511,4976
15.407408245774686,1664
1.038235006610126,4976
4.515650060868901,374
6.047984187132812,485
0.9577527224951523,4976
0.6189666182224148,221
142.46929168306997,0
4.2196785689796,238
107.10188944876215,0
4.25685048214789,412
0.39346446709835636,4774
18.363771659275052,860
0.6809753246976705,4875
0.43176332412502927,4976
11.133867770742361,402
77.29661900433013,0
5.194609549004874,235
0.6312497170739733,5077
0.3027869961903433,4976
78.24213635219101,204
4.7998535613114175,587
555.6308224737336,0
0.962272291117317,4875
0.595580302021798,5077
0.818587384456536,4976
0.7975006036487439,4875
24.55488712313691,227
67.99125418594267,771
65.73377145291676,49
69.17977502828539,77
2.1280496087995857,4875
2.7795033027656597,276
1.3152693816445922,4875
0.772631280666074,77217
237.63223174931386,0
218.66941581943337,0
0.8287177179526414,4976
0.5195272250238163,77219
1.0636736646277587,4976
5.103885261195713,244
9.368274496601954,901
10.360953239727365,772
8.356901587101603,222
76.3614052731124,531
71.78970454868032,83
21.775096371699156,4976
226.84864606035887,0
2.103962491044386,216
0.6856553757385978,4875
1.0327904494478086,4875
179.53837066963848,175
1.1915788952467343,328
0.9017936882507963,4875
4.832493709344834,444
0.8270549883008702,331
0.7307141878297585,248
0.5019031453988527,4875
7.5317698821771435,414
0.3393719475917993,4875
77.42501658964042,255
88.61788816615649,0
1.2932173167397039,239
5.442813077969793,406
0.6535526398901179,4976
37.38695622176293,352
6.765800450284122,222
0.4347863206146363,4774
0.4702555094773474,4875
251.18805200176035,0
104.0268782731648,0
8.532206558667495,453
8.335428540959688,709
4.417015111974924,359
0.5315171726834755,77217
0.4877501227649855,4976
2.3811829634315087,4875
5.882267804933425,277
2.9968550121872086,277
5.447499067539792,231
0.3554546792150872,4976
3.251493449424742,299
1.6400711660591332,235
1.1939429596691782,203
0.994992815526722,4976
6.729025766010584,373
0.9333674296207527,4875
6.360397256425302,802
1.043114220083544,4976
98.22327394208496,77
15.68829227807672,266
0.7117942262035558,5077
0.7079184110023646,5077
0.6617961743739497,4774
0.7661529296305529,4976
0.5294068686366923,4875
109.79567198732985,1233
0.6754377578346423,4774
84.65415285234354,232
11.37532665759636,1340
1.8709365952075496,4976
0.24490071597004753,257
2.3450363109264822,272
10.670587917880793,442
0.9816780040503248,4976
0.5620966811565427,77219
1.0526838351340009,4976
2.8747602644656802,256
0.8322467551342787,687
4.381081877099423,350
176.12250268525298,0
0.6446035560456829,4774
0.9392478470986735,4976
3.0540648008331894,321
0.7679306842524102,77219
66.4767146632185,24
1.0547480706081513,214
65.52459756740583,114
0.5682314516297062,4875
9.562553049807393,466
4.858781002069474,224
34.143224554123115,396
2.2128628063962554,213
0.5648640002883181,4774
0.4557802020757693,5077
17.404742198877027,206
6.499784397834673,4976
1.6748929404410278,4976
16.950216371251518,417
2.79801132493648,250
0.6601237968753996,421
4.387220325113204,434
6.130739494311266,992
2.24711924719598,4976
81.24602190327066,17
1.060265973987568,235
5.223345292615779,350
233.64262896027017,0
0.44737709656944813,4875
80.90463357003212,86
11.04295613409035,433
0.2921357560026405,250
4.680078404229126,699
0.7407479260341759,4876
1.6051804213311252,258
4.457439290554048,405
0.6410905801266172,4875
1.7799233542195967,371
10.616485884088604,255
117.33714354074291,0
190.22865049955524,1140
0.4844819790472692,4875
1.6853803870408388,4976
1.364473433961804,4875
112.37056842821467,0
1.9332836387142163,4875
1.052952433393666,4976
0.9448894745368904,4976
0.25645154827775435,429
0.4054985721254585,261
0.8667818547686444,58909
8.43640587394296,475
2.4947771333017417,252
65.45678043632175,64
1.0262235209581165,4785
0.8423613037666248,335
0.8977548838234445,4774
71.38177051063806,101
27216.579375345293,808
1.3014845295870552,331
3.304022070363057,229
96.52804941222264,106
0.6916838784569441,5077
0.5169632159081841,77219
731.2097036392854,0
0.6614293825455989,4875
0.7194442819617567,4875
1.8338320509043795,262
0.661429382545599,4875
0.6413031821830013,4976
0.41101432591293785,4875
0.4227738252449107,402
15.549059616406366,501
17.58061203450574,234
0.9759280094127092,4875
0.4668131963160219,77218
0.2525235175294885,4875
0.8057773931939282,5077
966.8756207946658,0
76.3003960868494,221
9.078697245217674,341
0.3530877855855724,4875
0.47732252802095854,77219
0.7475644616081751,4976
2.9671805596646266,219
65.07583564449303,58
1.4719568026588128,276
86.30800803069901,0
10.283249758850252,406
0.7874612624295874,213
0.8044134453094499,4875
121.81537755982556,0
0.7225439502470177,4976
2.623031114446773,543
11.5638680491631,492
0.6116636717986514,77217
1.1228366719229925,77217
0.6118931868757896,58910
72.96550660576521,561
0.890575298626126,4875
4.210927710958468,287
158.80013898864914,579
7.2356188214641435,389
210.98309363921854,0
8.120340593814493,633
10.891904587593523,512
103.17419707643052,0
0.3170330910905941,218
19.926549974778986,448
1.5501379692095159,279
71.87548736855932,234
0.43176332412502905,4976
0.3723152926774515,4875
0.9364855465011103,4875
0.9364855465011102,4976
0.5879302742054092,77219
0.38581225667280483,308
0.6292638547218857,4876
20.2241375867388,2525
4.916316036163844,485
0.41217187499999997,263
6.894960391869582,727
1.7296084981464601,544
7.720643433108969,395
1.9557829823520787,337
64.81456923318791,0
0.8837358546286224,4875
2.75580256917708,205
0.43018049428551497,4875
4.598475099150596,399
94.15487739542169,0
2.4860761582135367,204
0.3802889783725206,529
0.48143082033996765,4976
6.250576431033096,481
0.43018049428551486,4774
7.428375318673379,470
0.3296684980951717,4875
1.069459929343199,4877
0.6224817853479367,4876
109.37649379963116,821
68.89520329620754,0
32.14361169828252,2070
0.5312072732062993,5077
10.014562646365095,736
0.9826763798320419,4875
0.6492193207428746,4875
10.59002380485018,273
2.132001651268486,398
2.1677604164477935,657
6.98276386972382,715
0.5368417775946986,4976
0.5152426354741783,4875
131.0616806560246,125
8.390185343682392,355
62.75074443695809,68
76.58631608712096,0
0.6359613055925972,5077
5.667564115837123,279
0.2646434980951717,4875
0.2646434980951716,4774
0.5493539669126891,4976
0.8632050774923767,4976
0.866433256414434,4976
0.5493539669126893,4875
13.309894882244924,362
117.26920668115294,94
2.2363550626813407,240
13.155359519828716,372
0.5978370414613395,205
0.7174350882642538,4976
0.760467512687916,4875
0.4618176231247987,4976
118.82433928692066,173
0.7145631389704247,4875
0.26455793484279383,333
0.48759240230352685,4976
9.481495856509744,227
1.045830288795271,4976
573.8380001760913,0
1.0591221550709478,4976
1.0591221550709475,4875
10.65634646720053,504
18.344631899430425,300
1.0591221550709469,4976
4.947551394908825,417
0.46474171261755504,265
21.131851937585502,240
319.6242816343823,0
1.0591221550709473,4875
1.059122155070947,4976
113.26290916816608,565
0.6887331950634608,4875
1.480918354470901,291
2.4693161043316594,242
8.57623481950697,452
0.6887331950634606,4875
0.539672693147294,4875
1.0531554443999842,4976
0.5424045338605167,4976
2.364756583754722,225
2.5576677509872323,256
439.8092528040614,958
3.485792792540869,252
0.7938773506849791,77219
6.814264959184605,273
67.70299072385318,2
0.46917321679127677,4775
78.80641049552919,1
505.0386357506193,0
14.869300768800281,222
0.8417628100349379,4976
2.762496371500534,4875
5.062191693867039,383
1.119355540786831,4976
17.198764636044984,1228
0.23915410114778302,399
0.23915410114778307,362
5.385880737670744,234
0.5060150765492831,77217
0.33148545390575523,4875
4.691390024030891,215
4.443219796865613,400
8.302361382267579,387
3.8797937939916802,221
116.6594439818111,127
5.152656624984279,427
0.61166466285197,202
0.41507008601555506,4877
5.958376532331579,346
0.9490180262285284,302
0.33719895063505273,373
1.0754318023075944,4976
6.681383555827829,435
0.5696982912730234,5077
0.2161179577088049,382
0.44831760390333864,58909
0.3648637476207147,4774
95.24930414761478,0
787.2948570899546,162
15.77522017913093,208
0.5177419728617432,4976
2.0674091942156494,4976
64.28369869132779,69
0.5646491757105858,4875
0.44743186196963103,426
3.9268903532867214,332
1.7385605469329326,1306
0.43693534393592026,4774
0.5340107960364633,274
1.0766796793002067,362
0.565242205982401,4976
81.77866794875318,464
63.14116240358358,67
851.2674205918433,0
0.2485391160721412,206
1.0544800338831444,77217
14.816892955735524,1441
0.21397002004247828,336
235.3371467815346,0
0.913138082515462,4976
10.17207399529215,231
12.927853774320749,272
0.1611478979929341,241
0.5255676231247985,4976
1.0711688227020968,4875
29.270232606393243,1268
0.8699774108750525,4875
36.116755101386374,215
0.7364926193418115,308
9.904019639871526,814
104.51029101007279,0
10.68822758898567,291
0.9242086082719183,4976
38.8983577957688,363
231.24970659236237,51
47.70065797205937,721
1490.2475241772456,4590
7.80019705827331,524
1.0363553655906976,4976
6.548722339656549,420
23.299075416811352,1210
0.7115047488488914,4875
1.557146092016799,316
25.921084039819448,291
1.796194161465933,204
0.5326382136175098,77219
3.1499074666293025,540
870.8384788791928,0
4.694800807176998,257
0.7512346299606525,4976
0.5084703783152149,77221
147.98865186446682,30
2.5695014573756714,226
9.403211411656764,469
0.41993530395089707,4774
3.2270112524712378,246
1046.4922876789667,163
70.63536141002525,0
0.6673459187998013,4875
0.6673459187998012,4875
0.44661842408978103,4875
0.662404451310828,4976
8.776587379364843,455
19.080629138550982,268
63.9550072194578,180
2.5050422748125003,210
214.65763549514162,336
3.5439429859208005,319
145.01289415667773,609
5.261484931880163,390
0.8557509509235521,4976
0.6126453037404956,4976
2.1903413276558714,636
19.989305942680215,272
14.2235816242314,217
0.7913900324964027,4976
135.74401843989278,0
0.9277147115614546,224
675.5529440704206,261
4.865187584195347,359
2.8147226202337783,267
0.40384879978119137,219
1.1287406886105504,232
0.6331534074621671,5077
60.88811329837596,384
5053.631406249503,1807
5.0866478790501235,410
2.517093697062682,4875
63.038175191815554,95
83.77241224645702,4
2.471327935806481,242
2.7993609616769173,407
2.028318916510485,379
2.4486527605426995,219
0.16179886125386966,267
0.9886548270772337,272
8.038919162326524,803
3.354666753374268,254
0.39030482468371464,4976
2544.9483197010672,27469
10.831256309722356,447
6.794269751264176,537
231.67942704946648,58
0.9521462320267561,4976
71.87505574218339,242
0.2031941697959478,58909
0.5538090032994402,77217
0.6057017613552557,4976
0.6057017613552556,4976
0.6057017613552554,4976
0.716473912763588,4976
2.3700868954306897,405
1.0030610168578975,4976
22.135536108438078,428
6.925534104325106,207
40.92070563806201,2899
0.6551878847575007,77217
0.32737216737517594,261
105.60809337150397,153
1.0507812911275585,4976
0.5783080550130855,219
0.6524790446465657,4875
5.238973687746533,260
0.40369223787105946,4875
64.64117720863626,0
16.097873736520985,769
445.13958618853434,0
2.9761482229265335,341
89.47387012330815,0
1.6822745426502463,203
0.615045151661364,531
1.8097228070388927,277
311.8411867575832,0
2324.408668570464,1
686.8290311641276,0
0.27498765103013256,205
0.5042583100664795,307
0.795123538426256,4875
0.8241471387365791,4875
2.1092897585048958,223
15.342584082226693,2734
4.053723891266876,365
2.800475689862228,756
61.06778115325518,75
1.1542302406223708,4774
16.936112364499166,721
1.6758545634260793,4774
0.7120981094565357,4976
0.7120981094565358,4976
0.7120981094565355,4976
0.7120981094565356,4976
6.027869275514704,525
13.674187019527416,382
0.23276849809517167,4875
2.9091335278025072,238
1.0458816796734771,4976
145.4413845003257,649
0.831878340906009,4875
71.44688809096922,0
0.5683975373976972,4976
0.7120981094565354,4976
1.1779795697436615,203
1.0335033059820047,4976
0.18388790391744617,558
0.38006438966927925,4875
61.7942231027556,0
1.369105174796255,645
0.5349739384813837,4875
10.477697977930495,499
0.7127201835121507,4976
0.4403809980951717,4774
66.7450052824093,107
9.009026335018898,713
141.79406885777908,100
0.7073392748344304,4875
5.272607082362679,468
80.4279302046986,50
1.8177911867394247,307
0.4500981950495573,380
0.37367728445409953,58909
90.99995260971357,99
0.2050328700897331,58909
99.3719478589415,239
1.1055317358452486,290
0.3538534680505129,5077
123.33337231478806,0
0.7191459803877185,77217
102.57674247984724,2
13.865028309534281,1123
0.449415407001167,4976
0.6095443967908896,77217
0.5787494357129018,4976
32.28313324793682,329
214.23283197763504,491
514.8158266833585,0
1.0230156744415428,4875
4.065465363589912,317
32.20052419217384,318
56.63979420720825,221
0.5542463312032965,77217
5.48132548833798,206
69.36419364209635,201
0.5335165986231136,276
1.3071268498712207,4976
0.660900728108384,5077
28.382214507676256,336
337.5220757817736,0
6.9076539316813825,742
1.0053222508292314,4976
0.955330720379122,4875
1.0496852137378814,4976
5.071549540726016,429
4.4733120988062,340
34.46265477030634,270
1.6866527465852135,278
17.49296440800777,326
2.6922571792911647,244
108.12156037699118,144
1.2735488744301198,322
3.496491555471983,203
5.255476619863672,571
0.6555970283681031,77217
2.2137635085993685,347
128.3805832549154,0
65.04581799342124,126
7.624494742673857,429
0.5690264160434797,4977
7.934334232695621,343
11.59305618433103,454
7.521699273051936,229
0.438837704847169,4976
152.86128867672656,271
2.14751457527666,269
3.037754543640863,266
0.7490731800243847,4976
6.796859976120779,524
386.8001779034331,0
0.4107001192127254,4774
11.120771956000572,218
90.72226732145116,98
0.4987513774966855,5077
1.5599802120549138,229
3.309802825565074,298
69.35484059316487,0
2.270525810277581,4976
0.9248260403353515,77219
93.47198351663371,101
0.8541193845771754,4875
67.05291945121667,308
88.63061257575735,96
3.523149640012331,428
1.1076473133742206,4976
1.1737068547421792,5077
0.7008744669619847,4976
0.9372399510869244,4976
0.3664270208508579,4976
1106.202215618553,0
3.8918063932680944,316
0.17426501910693382,248
0.6379094613786289,77217
1.4215688062272112,4875
74.22315921516223,80
3.7007462383657725,341
0.354,508
0.3369690922385203,58909
14.390548229174193,453
796.528533205499,0
6.4202871496399885,238
34.97831054576505,422
83.87060100196035,0
0.6111566431707595,4976
179.66667861179872,1328
0.5609093584301743,5077
84.69308708461719,2
0.6873430944558611,4976
227.3108188524739,0
1.093477045062202,4976
0.8484919556284359,4875
0.961982334282849,4875
0.16770833333333332,255
0.5608574196773964,4774
0.3598491456365117,4976
64.8774385093823,439
3.4251259185190257,263
0.7562921481377194,4875
0.5643623906816799,5077
73.3647588818364,2
1.1737741332446066,4875
0.9219424742416129,77217
0.5772485851787676,4976
0.4801501913348706,448
0.7016129592926146,4875
0.4143140246134671,4976
7.987189661188159,603
3.2713797775880087,380
3.0125536289532286,689
3.00067238184558,240
3.964352061443669,754
1.5769789125935136,240
101.84554190825047,1073
0.5657468646829378,4774
4.617066373844964,240
67.63440834034326,0
66.73240447626954,63
0.6087605822832811,4875
3.010394938455267,261
142.73557360469303,0
0.8748928955345331,4877
3.392307098754482,4976
0.9441580776715925,4875
24.429898132987628,258
10.075712175123535,425
0.3594867841833938,4976
0.6348091410465245,77217
2.216784767615993,77217
0.6418306508626835,58909
1.1945361944566577,4976
171.737861081726,693
1.0511406235984349,4976
2.386218734679333,230
1.066407089745984,4976
0.6461172142969664,4875
3.6565806678960113,337
6.466111000123416,397
0.6306208154554901,77217
1.3370522572128092,4976
4.493536674384327,222
4.916982053583558,426
65.18114886160589,277
4.880199071579154,476
6.827495980788934,506
1.0972061892795892,4875
0.500625,58909
1.0321838754021138,4976
208.27675959426733,0
13.74023521268742,1554
0.6261819369637157,4976
118.45795434234462,0
17.23996154506566,205
0.3582077967534901,344
0.7796722653335416,4976
1.725636576820964,217
4.33468605883142,307
0.32839349809517165,4875
0.3283934980951716,4774
87.33571794481924,211
0.827603745265731,4976
0.3283934980951717,4875
0.43314250351880546,4976
4.890312264703036,666
11.495056843393808,453
0.4500056776154139,4976
1.25510478782691,247
0.20089349809517165,4875
0.3906248585369866,4976
7.909838664364967,422
0.7300658023741322,4875
0.4413027903591453,77219
3.01877883368746,223
6.152504005438422,369
6.308908473577866,783
2.685998147466006,492
46.080048658440965,243
0.9383747197887877,4875
3.6878254418836325,265
0.27297784458252844,4875
10.493182530080254,357
1.886501753680926,321
0.7293809980951717,4774
0.21375,336
2.651990864719062,382
0.5775797116134405,4875
130.75633787965253,1242
14.964399163443117,1398
0.6221115385095349,4875
0.43666195612230985,4976
3.2770173131180758,368
0.5331032652165225,4875
2.179163566349608,4774
3.282724340373546,306
2.634174825870455,258
116.54626734496723,0
0.8595747376723052,77217
4.428775739354557,390
0.9798798978357302,77219
3.120789808009626,409
8.740258072274461,675
0.8937276544771695,4875
4.117861188536039,272
0.3996096603714373,4875
0.5428384850226889,2228
1.0953221508428441,4976
0.8920832488335798,4976
0.8311817133288495,4976
0.3791804942855149,4774
465.90024537011647,5
1.2804546238716248,328
1.1950880576158962,239
13.18551923714027,235
0.4822713431916015,266
0.6063067480838578,218
0.4567572875845173,77219
0.2061579756164404,349
10.205034036346477,316
0.4800103379203834,4875
0.573381975563934,5077
3.3493611698282755,420
0.5533753907197363,5077
84.28058111406499,0
1.0249231500238924,250
273.08004064160116,0
53.661573080258954,493
3.2207503907477597,247
1.5201966091513706,1038
0.304431407447974,370
0.5770403803617724,4976
5.6152564888070895,334
0.3727901510108989,4976
4.111437096411684,301
0.6171683733762525,4875
0.7666617352837364,77219
102.61094868889556,0
30.248528386171326,820
2809.147066791159,2581
512.5780441606057,0
4.593322246642964,260
0.17057479880702103,212
1.4256575030026095,682
0.5589093428893589,4976
4.522993929299897,451
4.937840334761216,303
0.554575874903927,4875
85.37007207749073,0
1.0542348157073633,4976
36.56148970274212,299
104.2484442635591,0
8.571253375308958,365
9.472760686851107,203
8.937173410946675,746
0.7704967806052848,4875
0.6683564502470178,5077
88.51250705617997,463
9.728494125360362,250
1.2224720874273025,4976
2.283708030937317,539
80.25911614858121,59
107.38958269700635,821
0.5807135841107272,4875
5.766173082540245,246
0.6693592193630671,77217
1.1047579250633706,4976
1.0584623745292552,4875
89.41473383363083,509
0.5657822579618004,77217
324.34341315391924,523
0.6088095680296102,77217
0.7220762416399351,4774
0.5570021483434905,4976
0.7992810625525735,4976
0.5570021483434906,4875
3.8872473713369304,429
0.5710571205233506,58910
0.8235852632348102,4875
0.6975095706062329,4976
144.43794119085325,30
98.89476472843722,106
4.438324770944691,355
7.419467876456853,920
12.59286195714953,305
0.7727310641053083,77219
1.0664424127334107,4875
0.7193975006077854,4774
0.35504703505897695,4774
1.0540136065223646,4976
3.83711379375013,259
88.16128715660228,206
4.913797564568372,536
1.1160695196945472,4976
14.763124809923982,936
11.840659770860738,205
3.6436210185286733,201
0.5873348980771971,4976
7.492275953824592,308
18.242476714615563,391
6.380854520362276,431
0.6660399560520276,213
61.15772573112482,0
0.3484715298923241,4875
3.868074205010189,4875
4.32710671526099,216
0.7754980525791959,4976
249.56101699908837,0
0.9670173068226277,4976
241.91185376525715,0
66.10623568522203,334
0.8241986474135234,4876
0.4955974014280151,4875
0.5907597554210615,4976
5.005609120674038,424
92.82483773513522,111
1.0853837043353634,4976
0.40914577302684874,4774
0.3748712885901254,58909
0.579788684514576,77219
1.0478131141059015,4976
1.0381873281554364,4875
6.669693416878389,224
0.160625,386
235.42372823699782,1
1.6345527413207188,4875
1863.9106003019083,2
1.9428692004968997,279
8.489017531160147,510
970.4329876181209,1
0.48562187240444066,4976
5.170012706227552,243
1.4562700667083008,58909
12.862623802612124,246
11.601582067144724,332
3.953129908895087,337
0.405,378
94.79626400799668,0
0.4049999999999998,259
0.5664207274683258,4875
3.501698241120546,298
0.40500000000000047,203
0.7842189659360157,4875
1.0468949896695166,4976
12.033159232038516,410
0.20319859961514414,226
35.33715670099462,203
0.9003711755757723,372
0.5413880942567216,4976
156.24787742353544,0
0.6165559388817634,4976
253.9498919713584,63
1.1312248204976145,4976
0.9727564089209977,4976
12.035758589624708,727
0.5745822127585912,4976
10.385379249115207,390
58.812463692949486,203
1758.9718367379062,882
7.604644958791202,394
1.044035316422235,4976
772.0155125776906,1720
7.772820934406569,685
0.2615625,261
23.764913148932152,522
0.6896821972501194,239
11.733195096933324,502
0.17681205439378367,430
1.3613957132349663,4875
1.0593563584416537,4976
35.00184282941686,212
0.7368613709149044,4877
3.2496014995584135,327
3.6204482724288827,298
1.1732571665779539,219
6477.076220238093,87
0.657262774546267,4875
1.6524458909097322,369
3.576437318062383,360
0.6857549780495917,77217
0.33678699619034325,77221
3.1174092176031043,212
0.5513573400614045,77219
117.03139049881636,518
13.077447354816304,333
77.44278169440273,33
5.66663373435078,242
16.4604724526831,392
0.8666325280581945,4774
17.113866159492083,275
0.4207319790472692,4976
1.147280637346636,4875
0.8699660938882658,4976
0.4532340828582636,77219
1.0618905228613682,279
13.531876780811514,633
1.0662124374720472,4774
0.9774888315886192,4875
8.167199192473973,520
1.0062459169637588,4976
1908.2554720826595,2
1.3495717008043713,4875
1.1267068807561575,4976
0.9081826233235308,5077
1.9479231159877501,446
5.118211154413735,215
139.52367531410442,0
0.33975475890435425,4875
1.5832601023691226,4976
6525.084769365637,87
255.2558997388058,2756
1.5259604886272196,4875
84.51081663883606,30
7.386717986835015,769
0.3841078794015138,4976
1.5207106956057659,4976
0.21795115049589267,358
4.38546627792981,647
0.538271992859848,4976
6.315708970239679,293
0.8950278064024412,4976
52.2284180579793,334
0.33780471991114097,4875
0.7523500032950525,4875
0.61114158071051,77218
1.025775918317768,4875
17.076573425024137,1461
0.4269288860070646,77221
1.136958839805882,4976
0.916206530433045,4976
0.5689735683667876,5077
63.013656897747296,40
365.69909591180505,0
12.725524803014244,298
3.32588077361488,294
0.4716898617824733,366
7.650728726475819,274
0.9183719759468852,4976
3.5597529272089954,385
1549.747370205179,2
0.772530435072107,4875
0.5740913061837891,4976
0.6208974782743691,4976
15.14587145033839,1399
1.0568795514193023,4976
0.5689048555628672,5077
0.4968925035188052,4976
0.8107953937737722,4976
0.3723985014071406,4875
19.786129595158013,232
0.4543266958781861,1312
8.531138469538927,326
559.6545088188356,120575
1.5603594628500475,274
0.5252181206266822,58909
33.813050521214635,225
0.9679027033407075,4976
54.93435955787567,3843
888.3131022617999,800
20.029234699984592,210
0.8325795602037382,4976
25.64713875189335,265
16.722811747885913,475
3.856519819934687,395
0.40549023318337896,4875
0.989306403851416,4976
0.8752077308392557,4976
0.8752077308392562,4976
1.0082185286866214,4976
0.8752077308392558,4976
0.875207730839256,4976
3.3485018973580325,263
2.6502429088252746,274
36.50495400671488,3126
0.7713038543476656,4875
2.705394862571574,209
1618.140889224664,652
555.3167022917584,134
136.62153733228968,0
1.0301294989163345,4875
0.8205279236500734,4875
16064.558855707026,172631
9.514139332764064,381
101.3396131939422,0
1.0357451019938897,4976
0.5331422940176233,340
16.609624741683863,791
0.5017934980951715,4875
2.527697744154971,323
0.5842396337848322,4875
10.58915564744442,232
13.219388777174176,280
9.682632072327703,486
8.826015070674122,461
0.47783708221521126,4875
3.357110366479218,243
0.6693360010162118,210
0.6912164133054554,4774
0.6346658292589776,4875
353.69988793172996,0
1.3304313167956883,4875
30.25204031820867,271
0.19658992306329715,585
4.14656009260304,355
0.34060363660314963,4976
0.9218047242535131,4875
7.796512513191128,738
3.1953660978967253,415
745.9067298125285,0
0.6201365352492361,77217
0.6909592515188753,5077
28.024572692491272,348
0.47322813371870953,4877
4.325487375980083,901
71.85642873041851,7
0.640184162944028,4875
0.7211346989325839,4875
0.9007174226333535,4875
2.401888486771471,546
4.9922211644570735,298
4.6133580787925865,302
6.547003794716068,406
3.3183394995707527,713
5.04024578895151,496
0.3324073869840606,4875
2.0972936347071967,4875
72.74685096201048,94
0.739889124094445,266
2.7447780775652073,337
0.7116209532025746,77217
0.563177604292734,244
1.159669028523319,4976
0.49654056510940503,77219
0.15,436
0.8406750706681748,5077
0.49424999999999997,266
2.500040132527667,4976
394.2994347008315,8
43.29908124113044,361
0.8371057064237983,77219
11.435158080105714,427
0.7731632960448273,77217
0.5290913116617654,4976
2.401929940417318,258
2.9414361688498873,270
3.963390315055603,387
1.492969266893632,305
8.661595761085866,646
129.0234479913176,0
5.705415070637926,334
1170.5970411799537,0
0.3934101604852467,4875
0.7911153468263487,4875
1.0478490983211755,4875
146.33919733160153,3397
0.448538836015555,5077
5.7511666187889405,281
62.35026583230394,4
0.8097821500699081,4875
0.5299515124372726,4976
0.5642225903190023,4976
0.898759921535054,4976
3.485179304443986,300
14.899859638218294,1488
0.6964008126879301,4976
2.2460947396031763,206
1.2444525493761185,253
36.01563384900001,427
66.72807799486311,27
3.1070991261948877,256
14.68738538967994,422
0.6576652494693292,4875
0.9332361368490266,4976
1.483820495500385,255
2.2505347155370146,201
0.5998344594934854,77219
0.6480152894192018,4875
0.540698525142079,4875
109.88355205979413,95
8.704007551805576,385
0.6237941424362458,4976
0.7857884835222078,4875
0.6076858129423564,4875
0.9806792252849503,4875
0.5111270965694478,4976
0.5498806570770908,4774
8.123936868260474,769
2.393874721603605,235
0.9864989784109013,4976
0.3831949200699759,4774
0.9864989784109014,4976
280.32523655080917,26
4.987027139203101,433
1.6543518915383475,352
2.380501489705661,263
1.101166118962358,4875
0.5082600739929356,4774
5.2160905923399135,241
0.37055158792038345,4875
0.4531702629184674,58909
0.8781315368775264,4976
120.16863484261127,432
0.4988779314848534,4976
0.5947970028142814,4976
19.235020631951937,203
70.0211375008714,31
87.30014620828557,114
0.3011683291531879,230
0.955067884303267,4976
4.0078748294262,379
7.514049818179164,201
0.7130356578619678,4875
0.9754689464103795,1056
0.3072594572169337,244
1.1061374191516773,4976
0.5219254450693273,4875
0.3599463325944684,289
5.819770499412734,549
0.5842496904258593,4875
5.636541580561277,789
6.149814933258606,540
23.487272560354256,279
3.5219544195189756,364
1.0565913389411994,4976
0.9111430553330461,4976
3.75489726343634,631
1.0579982222691673,4976
6.148549881931115,264
0.6894450195476828,4875
0.39157670373108344,4976
1.0295514873315528,4976
0.4189404402845536,560
13.938186412599746,919
1.0322453535474199,4976
12.45450649850232,224
5.172737892127461,584
11.121427996650059,712
1.0331851701499613,4875
1.0950416962472374,4875
16.675042244067765,541
4.745757286737463,468
1.1883826096733479,4976
267.39700385432485,0
0.6049671350765621,4976
0.4036313872731334,4875
72.38981386397604,78
6.88156869004751,664
7.867320861915666,322
0.7421013019967537,4976
0.45020720845589113,4875
155.1058127869357,7
31.296664761391284,206
0.34437104312331845,345
0.8422699448177436,4875
1.1472412893629278,4976
0.7188498071886534,4976
1.395641021187234,260
3.0297083781331087,477
0.3792869961903432,4774
0.6111357522017629,4774
2.9761322615776593,4875
82.42231779873075,447
1.9539158226060755,295
1.0104264739297903,4976
6.178556464534633,432
2.9492833946281376,278
19.95909112845094,230
1.8164734243709095,284
4.568879194476907,421
641.8753153143009,956
7.434120732277621,324
0.53781658564062,4875
4.774723354909661,276
0.39776932609489274,4875
5.6910397655010625,330
1.3267152843057963,292
0.6170731284827291,4976
0.5554628509871854,77217
2.6958993875757438,245
0.9707319039915521,4976
3.3372918960353024,258
1.0287011694590327,4976
0.5276832365982281,4875
0.19604954000548125,315
0.5534812029423405,5077
0.7427452288252848,4875
0.6086017960774779,4976
0.6737419895954045,4976
15.05928991758244,975
61.37344284127245,0
2.7807083291684536,266
0.4358757236493416,4875
7.023061449763808,253
69.75348541403964,202
268.42231411213714,0
3.000107336151909,306
1347.9950492707903,0
280.35375603205944,2137
0.3983054942855148,4875
135.80171122618094,0
0.2934676719679601,4778
0.6263165879203836,4976
1.2057820350711297,287
10.042124457787095,1026
163.12563873537331,177
0.9301280762962922,4976
2.762616802583798,243
4.442339260338266,391
0.9325627856528613,266
0.5002380235517674,77219
8.36022657127387,708
0.9945272449799476,4976
748.467423745115,0
0.4837752154958963,4875
10.87361322014963,241
10.596860762105658,445
11.398965418666588,242
0.9221377222644656,287
0.5381045103093303,314
0.7309832613552555,4976
5.762663328798162,700
12.306746479093015,354
0.9445294944545043,4875
0.4823383934759389,4976
2.4157937088070542,474
2.052240801598327,202
5.845403844266202,331
96.41084702064654,121
0.4648761470708048,4875
1.0859344030276517,4976
17.134695549412744,430
6.882554113875199,563
0.4951593428893589,4976
28.33330220774281,395
12.515155572233896,1125
60.761416254143576,34
182.79136232171106,213
0.8592924469639937,4774
402.8256700041752,2335
0.5211615669857245,77217
29.089544211157104,228
8.760161219886836,424
0.5612086224586348,4976
0.8051411572341767,4976
0.5215714285714286,317
5.419113794492826,651
0.5265260841107271,4875
0.7435770526413356,219
1.2415245407125706,58909
4.9681338120954495,402
3.307287184679999,262
0.6491436583532668,324
1.0236246603854204,4976
525.8023095624692,0
3.11115251361312,266
2.1827968392400896,4976
341.7212283199487,37
1.1282855120647453,4976
3.7017146116612274,250
0.3571809006211193,265
83.35890883960077,0
3.189086654642016,321
1.1950745974657566,248
0.7896843998692689,4976
4.135005171152184,381
243.01596653079977,0
1.4346671485417795,258
11.95608406233051,451
2.138278936684507,283
1.4753124604917178,4976
1.2199745911669975,4875
0.33961660239621777,4875
0.7701522371937837,4976
0.5567858015771404,4875
4.239989100950246,478
142.8806767957443,667
1.536872876400873,406
0.7129766445338336,5077
0.47892658792038334,4976
0.4254372334809926,4875
0.6547420059810671,4976
36.00642102722564,446
75.11517447883762,80
0.47892658792038356,4976
1.6885464945453355,354
0.47892658792038345,4976
4.181166116707193,451
0.9702938759856679,238
1.303914732542431,906
0.720632412714046,4976
5.6729213390035635,265
0.39198284165498,798
170.0576829792104,783
0.5219263344418096,4976
113.55797078044046,93
2.8982188178734885,349
0.2259460861629263,336
0.9718924270454288,428
50281.6207523336,808
5.289435098343221,58909
177.67976137460872,0
0.6916540073227668,77217
71.13996425251977,740
4.70696798473865,379
65.55686179613981,82
85.41746684025425,276
174.52777281855364,0
0.3118445588443747,229
132.3082122028123,0
9.210156808458267,699
0.6590478484528642,4774
0.578893155056177,4875
1.6665127339117358,213
4.332372412239364,238
0.5052887120537212,77219
1.8812047238629201,4976
3.700576986120533,357
1.0026562936669576,315
6.422417643818204,387
896.1095319156875,0
118.07190040475395,164
9.002637071322063,719
0.5059764746211961,77219
129.47913846637582,0
0.8356786513207475,77217
4.424934107006688,264
1.2803800745176268,279
133.02362380684605,216
0.7381090682531011,319
23.777702490750404,245
0.9821034830299022,4875
97.17288452753164,453
8.862113174678283,1243
7.3024149960757745,408
0.15134149909384242,380
1.2476161206662069,4976
10.338032785788918,453
95.80266224516356,0
0.8997923297639471,4976
25.91388820289826,316
0.8864663311041554,4875
33.489798754906225,213
8.628444668779581,341