LabelPropagation,Frequency
3364108,1
184754,1
174485,1
95219,1
92488,1
92249,1
81353,1
62668,1
60873,1
60613,1
53398,1
52632,1
51214,1
49667,1
46269,1
46149,1
44490,1
38483,1
37367,1
37121,1
36606,1
36537,1
35701,1
35399,1
31737,1
31579,1
31491,1
31183,1
29712,1
27635,1
26824,1
21776,1
21661,1
21600,1
21550,1
21402,1
21321,1
21161,1
19872,1
19066,1
16703,1
16636,1
16561,1
16093,1
15887,1
15196,1
14460,1
13908,1
13692,1
13640,1
13638,1
13536,1
13518,1
13244,1
12617,1
12533,1
12433,1
12341,1
12328,1
12012,1
11776,1
11184,1
11031,1
10203,1
10127,1
10033,1
9912,1
9871,1
9698,1
9686,1
9629,1
9603,1
9516,1
9435,1
9314,1
9257,1
9205,1
8991,1
8746,1
8553,1
8420,1
8315,1
8162,1
8149,1
8020,1
7965,1
7866,1
7765,1
7698,1
7451,1
7323,1
7248,1
7009,1
6922,1
6910,1
6893,1
6784,1
6781,1
6691,1
6541,1
6504,1
6431,1
6314,1
6075,1
6036,1
5993,1
5952,1
5843,1
5836,1
5709,1
5694,1
5651,1
5626,1
5544,1
5525,1
5488,1
5439,1
5302,1
5245,1
5153,1
5150,1
5147,1
5135,1
5133,1
5111,1
5083,1
5070,1
5025,1
4937,1
4843,1
4740,1
4730,1
4707,1
4699,1
4695,1
4643,1
4619,1
4575,1
4481,1
4459,1
4366,1
4336,1
4286,1
4276,1
4261,1
4246,1
4191,1
4159,1
4040,1
4014,1
3975,1
3958,1
3942,1
3828,1
3792,1
3786,1
3776,1
3769,1
3735,1
3727,1
3699,1
3660,1
3617,1
3602,1
3593,1
3503,1
3486,1
3422,1
3396,1
3373,1
3363,1
3336,1
3323,1
3307,1
3306,1
3305,1
3250,1
3225,1
3209,1
3202,1
3198,1
3192,1
3175,1
3154,1
3136,1
3105,1
3101,1
3031,1
3022,1
3001,1
2995,1
2987,1
2908,1
2907,1
2901,1
2895,1
2873,1
2827,1
2821,1
2795,1
2783,1
2769,1
2767,1
2766,1
2751,1
2748,1
2708,1
2704,1
2695,1
2656,1
2636,1
2631,2
2596,1
2593,1
2589,1
2567,1
2562,1
2546,1
2504,1
2500,1
2498,1
2476,1
2452,1
2443,1
2432,1
2431,1
2425,2
2409,1
2396,1
2369,1
2360,1
2355,1
2348,1
2292,1
2282,1
2280,1
2277,1
2267,1
2258,1
2230,1
2228,1
2221,1
2215,1
2203,1
2198,1
2197,1
2184,1
2159,1
2156,1
2153,1
2148,1
2133,1
2129,1
2117,1
2110,1
2105,1
2090,1
2085,1
2079,1
2072,1
2044,1
2037,1
2035,1
2031,1
2027,1
2026,1
2025,1
2007,1
1990,1
1983,1
1959,1
1952,1
1935,1
1924,1
1921,2
1920,1
1914,1
1913,1
1912,1
1907,2
1905,1
1904,2
1901,1
1899,1
1897,1
1894,2
1892,1
1884,1
1880,1
1878,2
1877,1
1875,1
1864,1
1841,1
1836,1
1835,1
1832,2
1826,1
1825,1
1823,1
1819,1
1810,1
1805,2
1798,1
1781,1
1774,1
1773,1
1766,1
1764,3
1763,1
1762,1
1754,1
1740,1
1739,1
1729,1
1728,1
1723,2
1722,1
1721,1
1720,1
1707,1
1703,2
1696,1
1695,1
1678,1
1671,1
1669,1
1654,1
1640,2
1639,1
1637,1
1635,1
1632,1
1631,2
1628,1
1623,1
1616,1
1615,1
1612,1
1602,1
1585,1
1580,1
1572,1
1567,1
1564,1
1551,1
1541,1
1534,1
1532,1
1531,2
1529,1
1514,1
1511,1
1506,1
1505,1
1502,1
1499,1
1498,1
1496,2
1490,1
1489,1
1487,2
1485,3
1484,1
1471,1
1467,1
1466,1
1464,3
1461,1
1460,1
1456,1
1450,1
1443,1
1440,1
1439,1
1437,1
1436,1
1425,1
1420,1
1418,2
1416,1
1414,1
1412,1
1408,1
1405,2
1389,1
1388,1
1374,1
1371,1
1367,1
1366,1
1364,1
1363,1
1361,2
1351,1
1347,1
1346,1
1342,1
1340,1
1330,1
1329,1
1325,1
1324,1
1322,1
1316,1
1307,1
1304,1
1298,1
1296,1
1295,1
1291,1
1290,1
1279,2
1277,1
1275,2
1265,1
1258,1
1255,1
1253,1
1251,1
1241,1
1235,1
1233,1
1227,2
1226,1
1225,1
1220,1
1218,2
1217,2
1212,1
1209,1
1208,3
1205,1
1203,1
1201,1
1199,1
1194,1
1191,1
1188,1
1185,1
1184,1
1181,1
1171,1
1170,2
1167,2
1165,1
1162,1
1157,1
1147,1
1146,1
1144,1
1140,1
1139,1
1138,1
1137,1
1135,1
1124,1
1123,1
1122,1
1119,2
1116,1
1113,2
1109,1
1107,2
1104,1
1100,1
1099,1
1092,1
1090,1
1089,1
1088,1
1087,1
1085,1
1084,1
1080,1
1078,1
1077,1
1076,1
1068,3
1065,1
1059,3
1054,1
1053,1
1052,1
1049,1
1048,1
1046,2
1045,1
1042,1
1041,1
1040,1
1038,1
1035,2
1033,1
1030,2
1028,1
1027,1
1025,1
1024,1
1023,2
1020,1
1016,1
1009,1
1008,1
1004,2
1001,1
999,1
998,2
997,1
994,2
993,1
988,1
987,1
985,1
984,1
983,1
982,2
977,1
976,1
975,1
971,2
969,1
968,1
966,1
965,2
964,1
959,1
958,2
957,1
955,1
951,1
949,1
944,1
943,2
942,1
940,1
936,1
930,1
929,1
926,3
923,2
922,1
920,1
919,1
918,1
917,1
913,1
912,1
909,1
906,1
903,1
902,4
898,1
894,1
893,1
891,2
889,2
888,1
883,1
880,2
879,3
878,1
877,1
876,1
874,2
867,3
863,1
861,1
860,1
858,1
856,1
855,1
854,2
853,1
851,1
850,2
847,1
845,1
843,3
842,1
841,2
840,1
838,1
837,1
836,1
835,1
829,2
828,1
827,2
825,3
821,1
819,1
818,1
817,1
816,3
815,1
814,2
813,2
812,2
811,1
808,1
807,1
806,1
805,1
804,2
803,2
801,1
797,1
796,1
794,1
793,1
791,3
790,3
789,2
788,2
787,2
786,1
784,1
783,2
782,1
780,1
776,1
774,2
773,3
768,1
767,1
765,5
762,1
761,1
759,1
758,1
756,1
754,2
753,1
752,1
751,3
750,1
749,2
746,2
745,1
744,2
743,1
740,2
739,1
736,3
731,1
729,1
727,3
726,1
725,3
724,3
722,1
719,1
717,2
716,1
715,2
712,2
710,3
709,1
707,1
706,1
705,1
704,1
703,3
702,1
701,2
699,2
698,1
696,1
695,2
693,5
691,1
690,4
689,1
688,1
687,2
686,1
685,5
684,2
683,3
682,2
681,3
680,4
678,2
677,3
676,1
674,1
673,1
669,4
668,1
667,3
666,2
665,3
664,2
663,2
661,1
660,1
659,3
656,2
655,1
654,3
653,3
652,3
651,2
650,3
649,3
648,1
647,2
646,4
645,2
644,3
643,2
642,2
641,1
638,1
634,1
633,4
631,2
630,2
625,3
624,1
623,1
622,2
621,2
620,1
618,3
617,1
616,1
615,1
614,1
612,2
610,3
609,1
608,1
607,1
606,2
605,2
604,2
603,5
601,1
600,2
599,2
598,1
597,2
594,2
592,2
591,1
590,2
589,2
588,3
587,1
586,3
585,4
584,2
583,3
582,2
581,2
580,1
579,3
578,2
577,1
575,1
574,2
573,1
571,1
570,2
569,3
567,1
566,3
565,4
564,2
563,3
562,2
561,3
560,1
559,2
558,2
556,1
555,1
554,7
553,3
552,4
551,4
549,2
548,1
547,3
546,3
545,3
544,4
543,3
541,1
538,1
537,5
536,2
535,2
534,2
533,1
532,1
529,3
528,1
527,1
526,2
525,1
524,4
523,3
521,2
520,5
519,5
518,1
517,4
516,4
515,2
513,2
512,3
511,3
510,1
509,2
508,2
507,2
506,1
505,1
503,2
502,5
501,9
500,2
499,3
498,2
497,3
496,1
493,2
492,8
491,8
490,2
489,3
488,1
487,4
486,4
485,2
484,2
483,3
481,3
480,2
479,1
478,6
477,2
476,2
475,7
473,4
472,1
471,1
470,5
469,3
468,8
467,3
465,2
464,2
463,3
462,9
461,3
460,3
459,3
458,4
456,6
455,4
454,2
453,2
452,4
451,3
450,4
449,2
448,2
447,5
446,2
445,5
444,5
443,2
442,4
441,2
440,4
439,3
438,4
437,6
436,5
435,8
434,3
433,2
432,5
431,2
430,2
429,2
428,1
427,6
426,2
425,6
424,6
423,3
422,3
421,3
420,3
419,3
418,5
417,6
416,7
415,2
414,4
413,3
412,3
411,3
410,1
409,7
408,4
407,3
406,5
405,4
404,2
403,3
402,3
401,7
400,4
399,4
398,5
397,6
396,3
395,8
394,6
393,5
392,5
391,2
390,7
389,5
388,4
387,6
386,5
385,4
384,5
383,7
382,8
381,4
380,4
379,3
378,5
377,12
376,6
375,3
374,11
373,4
372,3
371,2
370,6
369,4
368,7
367,3
366,5
365,4
364,7
363,2
362,5
361,2
360,5
359,5
358,3
357,4
356,5
355,2
354,9
353,6
352,11
351,5
350,5
349,5
348,9
347,8
346,6
345,2
344,7
343,10
342,5
341,6
340,8
339,6
338,6
337,1
336,3
335,5
334,9
333,4
332,11
331,14
330,8
329,8
328,10
327,6
326,8
325,8
324,10
323,6
322,5
321,10
320,8
319,10
318,6
317,13
316,9
315,7
314,4
313,7
312,4
311,4
310,7
309,7
308,5
307,7
306,7
305,10
304,11
303,6
302,6
301,14
300,14
299,6
298,8
297,7
296,7
295,11
294,8
293,9
292,6
291,5
290,7
289,7
288,11
287,9
286,10
285,11
284,9
283,10
282,9
281,7
280,16
279,5
278,6
277,8
276,9
275,13
274,9
273,12
272,12
271,11
270,9
269,12
268,13
267,9
266,8
265,17
264,14
263,11
262,14
261,16
260,11
259,17
258,13
257,8
256,11
255,15
254,12
253,14
252,10
251,17
250,16
249,12
248,19
247,8
246,21
245,18
244,18
243,21
242,8
241,7
240,14
239,16
238,14
237,14
236,13
235,14
234,10
233,12
232,11
231,20
230,17
229,16
228,14
227,21
226,13
225,19
224,14
223,26
222,14
221,19
220,17
219,17
218,12
217,18
216,21
215,14
214,19
213,16
212,14
211,17
210,13
209,24
208,28
207,19
206,21
205,24
204,27
203,19
202,19
201,24
200,27
199,29
198,26
197,25
196,29
195,18
194,23
193,22
192,18
191,18
190,20
189,26
188,29
187,25
186,19
185,25
184,34
183,38
182,25
181,31
180,26
179,43
178,22
177,24
176,37
175,35
174,36
173,33
172,31
171,25
170,37
169,27
168,35
167,28
166,35
165,35
164,43
163,39
162,43
161,37
160,28
159,37
158,32
157,37
156,41
155,44
154,42
153,42
152,41
151,45
150,39
149,50
148,50
147,49
146,46
145,50
144,56
143,39
142,58
141,52
140,52
139,53
138,43
137,64
136,73
135,61
134,54
133,63
132,56
131,77
130,68
129,70
128,65
127,70
126,62
125,78
124,72
123,81
122,83
121,68
120,86
119,71
118,85
117,84
116,79
115,87
114,90
113,85
112,70
111,98
110,95
109,99
108,113
107,100
106,103
105,108
104,118
103,108
102,116
101,130
100,127
99,115
98,124
97,125
96,142
95,181
94,152
93,146
92,165
91,164
90,169
89,176
88,167
87,173
86,191
85,189
84,219
83,185
82,209
81,231
80,197
79,227
78,210
77,228
76,236
75,272
74,260
73,263
72,290
71,293
70,291
69,314
68,315
67,342
66,357
65,382
64,348
63,376
62,422
61,415
60,424
59,447
58,501
57,511
56,495
55,529
54,594
53,586
52,644
51,651
50,694
49,752
48,795
47,803
46,805
45,921
44,944
43,1063
42,1103
41,1122
40,1260
39,1239
38,1275
37,1442
36,1490
35,1683
34,1686
33,1899
32,1967
31,2121
30,2304
29,2586
28,2698
27,2853
26,3274
25,3515
24,4086
23,4466
22,5125
21,5814
20,6227
19,7150
18,8172
17,8871
16,9827
15,11137
14,13338
13,16053
12,19475
11,24999
10,32101
9,43626
8,61215
7,89214
6,137619
5,222026
4,388071
3,726171
2,1283355